在庫日,倉庫ID,倉庫名,ブロックID,ブロック略称,ロケ,商品ID,バーコード,商品名,ロット,有効期限,品質区分ID,品質区分名,在庫数(引当数を含む),引当数,ロケ引当条件,ロケ業務区分,取置取引先ID,取置取引先名,棚卸状況,検索名称,検索名称２,大分類,中分類,小分類,商品予備項目００１,商品予備項目００２,商品予備項目００３,商品予備項目００４,商品予備項目００５,商品予備項目００６,商品予備項目００７,商品予備項目００８,商品予備項目００９,商品予備項目０１０,最終入荷日,最終出荷日
"20250918","7","大阪","900","000","111-111-11","790001","","オリジナルフードクリップ（常温）","***","29991231","1","良品","985404","0","指定した業態に優先して取り置く","卸","","","","","","","","","","","","","","","","","","","20250130","20250623"
"20250918","7","大阪","1","A","001-001-01","100020","","ココグルメ_チキン100g","202701C2A0_TSF","20270120","1","良品","21000","0","指定した業態に優先して取り置く","卸","","","","冷凍","","","","","","4582515550592","","","","","","","","","20250912","20250917"
"20250918","7","大阪","1","A","002-001-01","100020","","ココグルメ_チキン100g","202701C2H7_TSF","20270127","1","良品","15682","0","指定した業態に優先して取り置く","卸","","","","冷凍","","","","","","4582515550592","","","","","","","","","20250912","20250917"
"20250918","7","大阪","1","A","003-001-01","100020","","ココグルメ_チキン100g","202702A0C2_TSF","20270202","1","良品","17300","0","指定した業態に優先して取り置く","卸","","","","冷凍","","","","","","4582515550592","","","","","","","","","20250912","20250917"
"20250918","7","大阪","1","A","007-001-01","100020","","ココグルメ_チキン100g","202612C2G6_TSF","20261226","1","良品","4207","4207","指定した業態に優先して取り置く","卸","","","","冷凍","","","","","","4582515550592","","","","","","","","","20250912","20250917"
"20250918","7","大阪","1","A","008-001-01","100020","","ココグルメ_チキン100g","202612C2H7_TSF","20261227","1","良品","16044","1948","指定した業態に優先して取り置く","卸","","","","冷凍","","","","","","4582515550592","","","","","","","","","20250912","20250917"
"20250918","7","大阪","1","A","009-001-01","100020","","ココグルメ_チキン100g","202701B1E4_TSF","20270114","1","良品","18800","0","指定した業態に優先して取り置く","卸","","","","冷凍","","","","","","4582515550592","","","","","","","","","20250912","20250917"
"20250918","7","大阪","1","A","010-001-01","100020","","ココグルメ_チキン100g","202701B1G6_TSF","20270116","1","良品","18000","0","指定した業態に優先して取り置く","卸","","","","冷凍","","","","","","4582515550592","","","","","","","","","20250912","20250917"
"20250918","7","大阪","1","A","011-001-01","100020","","ココグルメ_チキン100g","202701B1H7_TSF","20270117","1","良品","18264","0","指定した業態に優先して取り置く","卸","","","","冷凍","","","","","","4582515550592","","","","","","","","","20250912","20250917"
"20250918","7","大阪","2","B","001-001-01","100021","","ココグルメ_ポーク100g","202701A0D3_SIL","20270103","1","良品","13487","0","指定した業態に優先して取り置く","卸","","","","冷凍","","","","","","4582515550608","","","","","","","","","20250902","20250917"
"20250918","7","大阪","2","B","008-001-01","100021","","ココグルメ_ポーク100g","202612C2G6_SIL","20261226","1","良品","9791","3276","指定した業態に優先して取り置く","卸","","","","冷凍","","","","","","4582515550608","","","","","","","","","20250902","20250917"
"20250918","7","大阪","2","B","009-001-01","100021","","ココグルメ_ポーク100g","202612C2H7_SIL","20261227","1","良品","11376","0","指定した業態に優先して取り置く","卸","","","","冷凍","","","","","","4582515550608","","","","","","","","","20250902","20250917"
"20250918","7","大阪","2","B","010-001-01","100021","","ココグルメ_ポーク100g","202612D3B1_SIL","20261231","1","良品","13354","0","指定した業態に優先して取り置く","卸","","","","冷凍","","","","","","4582515550608","","","","","","","","","20250902","20250917"
"20250918","7","大阪","2","B","011-001-01","100021","","ココグルメ_ポーク100g","202701A0C2_SIL","20270102","1","良品","13636","0","指定した業態に優先して取り置く","卸","","","","冷凍","","","","","","4582515550608","","","","","","","","","20250902","20250917"
"20250918","7","大阪","3","C","001-001-01","100022","","ココグルメ_フィッシュ100g","202701A0H7_SIL","20270107","1","良品","7208","1502","指定した業態に優先して取り置く","卸","","","","冷凍","","","","","","4582515550615","","","","","","","","","20250910","20250917"
"20250918","7","大阪","3","C","002-001-01","100022","","ココグルメ_フィッシュ100g","202701A0K9_SIL","20270109","1","良品","13779","0","指定した業態に優先して取り置く","卸","","","","冷凍","","","","","","4582515550615","","","","","","","","","20250910","20250917"
"20250918","7","大阪","3","C","003-001-01","100022","","ココグルメ_フィッシュ100g","202701C2G6_SIL","20270126","1","良品","14897","0","指定した業態に優先して取り置く","卸","","","","冷凍","","","","","","4582515550615","","","","","","","","","20250910","20250917"
"20250918","7","大阪","3","C","004-001-01","100022","","ココグルメ_フィッシュ100g","202701C2H7_SIL","20270127","1","良品","15086","0","指定した業態に優先して取り置く","卸","","","","冷凍","","","","","","4582515550615","","","","","","","","","20250910","20250917"
"20250918","7","大阪","4","D","003-001-01","100023","","ココグルメ_ジビエ100g","202612B1H7_SIL","20261217","1","良品","2546","1783","指定した業態に優先して取り置く","卸","","","","冷凍","","","","","","4582515550622","","","","","","","","","20250902","20250917"
"20250918","7","大阪","4","D","004-001-01","100023","","ココグルメ_ジビエ100g","202701B1E4_SIL","20270114","1","良品","12660","0","指定した業態に優先して取り置く","卸","","","","冷凍","","","","","","4582515550622","","","","","","","","","20250902","20250917"
"20250918","7","大阪","4","D","005-001-01","100023","","ココグルメ_ジビエ100g","202701B1G6_SIL","20270116","1","良品","12511","0","指定した業態に優先して取り置く","卸","","","","冷凍","","","","","","4582515550622","","","","","","","","","20250902","20250917"
"20250918","7","大阪","4","D","006-001-01","100023","","ココグルメ_ジビエ100g","202701B1H7_SIL","20270117","1","良品","12591","0","指定した業態に優先して取り置く","卸","","","","冷凍","","","","","","4582515550622","","","","","","","","","20250902","20250917"
"20250918","7","大阪","5","E","004-001-01","2039","4582515550370","とりささみNatural","202611D3A0_OKS","20261130","1","良品","25","0","指定した業態に優先して取り置く","卸","","","","冷凍","","","","","","","","","","","","","","","20250711","20250917"
"20250918","7","大阪","6","F","002-001-01","2040","4582515550325","まぐろ＆タラうまみUP","202612C2G6_OKS","20261226","1","良品","173","0","指定した業態に優先して取り置く","卸","","","","冷凍","","","","","","","","","","","","","","","20250806","20250916"
"20250918","7","大阪","7","G","002-001-01","2041","4582515550332","まぐろ＆タラうまみUPペースト","202607A0C2_OKS","20260702","1","良品","45","0","指定した業態に優先して取り置く","卸","","","","冷凍","","","","","","","","","","","","","","","20250806","20250916"
"20250918","7","大阪","7","G","003-001-01","2041","4582515550332","まぐろ＆タラうまみUPペースト","202612C2G6_OKS","20261226","1","良品","100","0","指定した業態に優先して取り置く","卸","","","","冷凍","","","","","","","","","","","","","","","20250806","20250916"
"20250918","7","大阪","8","H","005-001-01","2042","4582515550349","かつお＆サーモンNatural","202609D3A0_OKS","20260930","1","良品","154","0","指定した業態に優先して取り置く","卸","","","","冷凍","","","","","","","","","","","","","","","20250514","20250917"
"20250918","7","大阪","9","I","002-001-01","2043","4582515550387","とりささみうまみUP","202611D3A0_OKS","20261130","1","良品","21","0","指定した業態に優先して取り置く","卸","","","","冷凍","","","","","","","","","","","","","","","20250912","20250917"
"20250918","7","大阪","9","I","003-001-01","2043","4582515550387","とりささみうまみUP","202702A0F5_OKS","20270205","1","良品","400","0","指定した業態に優先して取り置く","卸","","","","冷凍","","","","","","","","","","","","","","","20250912","20250917"
"20250918","7","大阪","10","J","001-001-01","2044","4582515550394","ささみ＆まぐろNatural","202610B1C2_OKS","20261012","1","良品","22","0","指定した業態に優先して取り置く","卸","","","","冷凍","","","","","","","","","","","","","","","20250523","20250917"
"20250918","7","大阪","11","K","001-001-01","2045","4582515550400","ささみ＆まぐろうまみUP","202611C2C2_OKS","20261122","1","良品","131","0","指定した業態に優先して取り置く","卸","","","","冷凍","","","","","","","","","","","","","","","20250702","20250916"
"20250918","7","大阪","12","L","002-001-01","2046","4582515550318","まぐろ＆タラNatural","202701A0D3_OKS","20270103","1","良品","210","0","指定した業態に優先して取り置く","卸","","","","冷凍","","","","","","","","","","","","","","","20250814","20250916"
"20250918","7","大阪","13","M","001-001-01","2047","4582515550356","かつお＆サーモンうまみUP","202701B1D3_OKS","20270113","1","良品","200","0","指定した業態に優先して取り置く","卸","","","","冷凍","","","","","","","","","","","","","","","20250827","20250917"
"20250918","7","大阪","13","M","004-001-01","2047","4582515550356","かつお＆サーモンうまみUP","202611A0F5_OKS","20261105","1","良品","1","0","指定した業態に優先して取り置く","卸","","","","冷凍","","","","","","","","","","","","","","","20250827","20250917"
"20250918","7","大阪","13","M","005-001-01","2047","4582515550356","かつお＆サーモンうまみUP","202611C2K9_OKS","20261129","1","良品","176","0","指定した業態に優先して取り置く","卸","","","","冷凍","","","","","","","","","","","","","","","20250827","20250917"
"20250918","7","大阪","14","N","003-001-01","2048","4582515550363","かつお＆サーモンうまみUPペースト","202611C2E4_OKS","20261124","1","良品","73","0","指定した業態に優先して取り置く","卸","","","","冷凍","","","","","","","","","","","","","","","20250704","20250916"
"20250918","7","大阪","19","S","001-001-01","100031","4582515551100","ケア_早期腎臓サポート100g","202612A0B1_IKD","20261201","1","良品","80","15","指定した業態に優先して取り置く","卸","","","","冷凍","","","","","","4582515551100","","","","","","","","","","20250913"
"20250918","7","大阪","19","S","002-001-01","100031","4582515551100","ケア_早期腎臓サポート100g","202612A0C2_IKD","20261202","1","良品","300","100","指定した業態に優先して取り置く","卸","","","","冷凍","","","","","","4582515551100","","","","","","","","","","20250913"
"20250918","7","大阪","20","T","004-001-01","100032","4582515551117","ケア_消化器サポート100g","202612C2K9_IKD","20261229","1","良品","580","5","指定した業態に優先して取り置く","卸","","","","冷凍","","","","","","4582515551117","","","","","","","","","","20250913"
"20250918","7","大阪","21","U","001-001-01","100033","4582515551124","ケア_スキンケア100g","202611A0F5_IKD","20261105","1","良品","400","0","指定した業態に優先して取り置く","卸","","","","冷凍","","","","","","4582515551124","","","","","","","","","","20250913"
"20250918","7","大阪","21","U","005-001-01","100033","4582515551124","ケア_スキンケア100g","202602B1B1_IKD","20260211","1","良品","45","0","指定した業態に優先して取り置く","卸","","","","冷凍","","","","","","4582515551124","","","","","","","","","","20250913"
"20250918","7","大阪","961","01","001-001-01","310002","4582515551339","レトルト_かつお＆サーモン50g","202701C2G6_TSF","20270126","1","良品","110","12","指定した業態に優先して取り置く","卸","","","","レトルト","","","","","","","","","","","","","","","20250905","20250913"
"20250918","7","大阪","961","01","001-002-01","310003","","ミャオピュア_レトルト_まぐろ50g","202612A0F5_TSF","20261205","1","良品","988","0","指定した業態に優先して取り置く","卸","","","","レトルト","","","","","","","","","","","","","","","20250725","20250913"
"20250918","7","大阪","961","01","001-003-01","310004","","ミャオピュア_レトルト_かつお50g","202612A0H7_TSF","20261207","1","良品","1150","0","指定した業態に優先して取り置く","卸","","","","レトルト","","","","","","","","","","","","","","","20250725","20250913"
"20250918","7","大阪","961","01","001-004-02","100083","","鹿皮ガム94g","202609B1H7_MEL","20260917","1","良品","80","0","指定した業態に優先して取り置く","卸","","","","レトルト","","","","","","","","","","","","","","","20250911","20250917"
"20250918","7","大阪","961","01","001-005-02","310001","4582515551322","レトルト_まぐろ＆タラ50g","202612A0G6_TSF","20261206","1","良品","761","385","指定した業態に優先して取り置く","卸","","","","レトルト","","","","","","","","","","","","","","","20250725","20250916"
"20250918","7","大阪","961","01","001-006-02","310002","4582515551339","レトルト_かつお＆サーモン50g","202612A0J8_TSF","20261208","1","良品","2","1","指定した業態に優先して取り置く","卸","","","","レトルト","","","","","","","","","","","","","","","20250905","20250913"
"20250918","7","大阪","961","01","001-008-02","100083","","鹿皮ガム94g","202608B1K9_MEL","20260819","1","良品","47","13","指定した業態に優先して取り置く","卸","","","","レトルト","","","","","","","","","","","","","","","20250911","20250917"
"20250918","7","大阪","961","01","001-012-02","310003","","ミャオピュア_レトルト_まぐろ50g","202610B1K9_TSF","20261019","1","良品","94","81","指定した業態に優先して取り置く","卸","","","","レトルト","","","","","","","","","","","","","","","20250725","20250913"
"20250918","7","大阪","961","01","001-016-02","310004","","ミャオピュア_レトルト_かつお50g","202610B1K9_TSF","20261019","1","良品","1","1","指定した業態に優先して取り置く","卸","","","","レトルト","","","","","","","","","","","","","","","20250725","20250913"
"20250918","7","大阪","961","01","002-001-01","100107","","フリーズドライ納豆10g(常温)","202606C2G6_IKD","20260626","1","良品","690","24","指定した業態に優先して取り置く","卸","","","","レトルト","","","","","","","","","","","","","","","20250827","20250913"
"20250918","7","大阪","961","01","002-001-02","100107","","フリーズドライ納豆10g(常温)","202608C2B1_IKD","20260821","1","良品","10000","0","指定した業態に優先して取り置く","卸","","","","レトルト","","","","","","","","","","","","","","","20250827","20250913"
"20250918","7","大阪","961","01","002-002-02","100083","","鹿皮ガム94g","202609B1A0_MEL","20260910","1","良品","80","0","指定した業態に優先して取り置く","卸","","","","レトルト","","","","","","","","","","","","","","","20250911","20250917"
"20250918","7","大阪","961","01","002-003-02","100083","","鹿皮ガム94g","202608C2F5_MEL","20260825","1","良品","80","0","指定した業態に優先して取り置く","卸","","","","レトルト","","","","","","","","","","","","","","","20250911","20250917"
"20250918","7","大阪","961","01","002-006-02","100083","","鹿皮ガム94g","202608C2H7_MEL","20260827","1","良品","160","0","指定した業態に優先して取り置く","卸","","","","レトルト","","","","","","","","","","","","","","","20250911","20250917"
"20250918","7","大阪","961","01","002-009-01","100115","","FD国産野菜MIX8gパック","202506B1K9_IKD_MD","20260618","1","良品","10400","0","指定した業態に優先して取り置く","卸","","","","レトルト","","","","","","","","","","","","","","","20250625","20250917"
"20250918","7","大阪","961","01","002-011-01","100115","","FD国産野菜MIX8gパック","202506B1J8_IKD_MD","20260618","1","良品","4844","141","指定した業態に優先して取り置く","卸","","","","レトルト","","","","","","","","","","","","","","","20250625","20250917"
"20250918","7","大阪","24","1C","001-000-00","100036","4582515550547","レトルト_チキン100g","202707A0E4_TSF","20270704","1","良品","3186","169","指定した業態に優先して取り置く","卸","","","","レトルト","","","","","","4582515550547","","","","","","","","","20250916","20250917"
"20250918","7","大阪","24","1C","003-000-00","100036","4582515550547","レトルト_チキン100g","202707A0F5_TSF","20270705","1","良品","5321","0","指定した業態に優先して取り置く","卸","","","","レトルト","","","","","","4582515550547","","","","","","","","","20250916","20250917"
"20250918","7","大阪","24","1C","004-000-00","100036","4582515550547","レトルト_チキン100g","202704C2C2_AYG","20270422","1","良品","1","0","指定した業態に優先して取り置く","卸","","","","レトルト","","","","","","4582515550547","","","","","","","","","20250916","20250917"
"20250918","7","大阪","24","1C","005-000-00","100036","4582515550547","レトルト_チキン100g","202708A0J8_AYG","20270808","1","良品","5015","0","指定した業態に優先して取り置く","卸","","","","レトルト","","","","","","4582515550547","","","","","","","","","20250916","20250917"
"20250918","7","大阪","24","1C","006-000-00","980027","","【寄付】レトルト_チキン100g","","20270519","1","良品","1","0","指定した業態に優先して取り置く","卸","","","","レトルト","","","","","","","","","","","","","","","","20241206"
"20250918","7","大阪","24","1C","012-000-00","980027","","【寄付】レトルト_チキン100g","","20270121","1","良品","1","0","指定した業態に優先して取り置く","卸","","","","レトルト","","","","","","","","","","","","","","","","20241206"
"20250918","7","大阪","24","1C","013-000-00","980027","","【寄付】レトルト_チキン100g","","20270219","1","良品","1","0","指定した業態に優先して取り置く","卸","","","","レトルト","","","","","","","","","","","","","","","","20241206"
"20250918","7","大阪","31","5C","001-000-00","100040","4582515550561","レトルト_チキン50g","202708A0D3_TSF","20270803","1","良品","6676","0","指定した業態に優先して取り置く","卸","","","","レトルト","","","","","","4582515550561","","","","","","","","","20250917","20250917"
"20250918","7","大阪","31","5C","002-000-00","100040","4582515550561","レトルト_チキン50g","202708A0E4_TSF","20270804","1","良品","6247","0","指定した業態に優先して取り置く","卸","","","","レトルト","","","","","","4582515550561","","","","","","","","","20250917","20250917"
"20250918","7","大阪","31","5C","003-000-00","100040","4582515550561","レトルト_チキン50g","202708A0F5_TSF","20270805","1","良品","6343","0","指定した業態に優先して取り置く","卸","","","","レトルト","","","","","","4582515550561","","","","","","","","","20250917","20250917"
"20250918","7","大阪","31","5C","004-000-00","100040","4582515550561","レトルト_チキン50g","202707C2A0_TSF","20270720","1","良品","3640","3640","指定した業態に優先して取り置く","卸","","","","レトルト","","","","","","4582515550561","","","","","","","","","20250917","20250917"
"20250918","7","大阪","31","5C","006-000-00","100040","4582515550561","レトルト_チキン50g","202707C2B1_TSF","20270721","1","良品","6676","544","指定した業態に優先して取り置く","卸","","","","レトルト","","","","","","4582515550561","","","","","","","","","20250917","20250917"
"20250918","7","大阪","31","5C","007-000-00","100040","4582515550561","レトルト_チキン50g","202707C2F5_TSF","20270725","1","良品","6263","0","指定した業態に優先して取り置く","卸","","","","レトルト","","","","","","4582515550561","","","","","","","","","20250917","20250917"
"20250918","7","大阪","31","5C","008-000-00","100040","4582515550561","レトルト_チキン50g","202707C2G6_TSF","20270726","1","良品","5827","0","指定した業態に優先して取り置く","卸","","","","レトルト","","","","","","4582515550561","","","","","","","","","20250917","20250917"
"20250918","7","大阪","32","1P","001-000-00","100037","4582515550554","レトルト_ポーク100g","202705B1J8_AYG","20270518","1","良品","9","0","指定した業態に優先して取り置く","卸","","","","レトルト","","","","","","4582515550554","","","","","","","","","20250909","20250917"
"20250918","7","大阪","32","1P","003-000-00","100037","4582515550554","レトルト_ポーク100g","202708A0B1_TSF","20270801","1","良品","10749","0","指定した業態に優先して取り置く","卸","","","","レトルト","","","","","","4582515550554","","","","","","","","","20250909","20250917"
"20250918","7","大阪","32","1P","004-000-00","100037","4582515550554","レトルト_ポーク100g","202704D3A0_TSF","20270430","1","良品","1940","0","指定した業態に優先して取り置く","卸","","","","レトルト","","","","","","4582515550554","","","","","","","","","20250909","20250917"
"20250918","7","大阪","32","1P","005-000-00","100037","4582515550554","レトルト_ポーク100g","202704C2K9_TSF","20270429","1","良品","4410","161","指定した業態に優先して取り置く","卸","","","","レトルト","","","","","","4582515550554","","","","","","","","","20250909","20250917"
"20250918","7","大阪","32","1P","006-000-00","980028","","【寄付】レトルト_ポーク100g","","20270409","1","良品","1","0","指定した業態に優先して取り置く","卸","","","","レトルト","","","","","","","","","","","","","","","","20241213"
"20250918","7","大阪","32","1P","007-000-00","100037","4582515550554","レトルト_ポーク100g","202705B1G6_AYG","20270516","1","良品","6","0","指定した業態に優先して取り置く","卸","","","","レトルト","","","","","","4582515550554","","","","","","","","","20250909","20250917"
"20250918","7","大阪","32","1P","008-000-00","100037","4582515550554","レトルト_ポーク100g","202706B1B1_AYG","20270611","1","良品","11","0","指定した業態に優先して取り置く","卸","","","","レトルト","","","","","","4582515550554","","","","","","","","","20250909","20250917"
"20250918","7","大阪","32","1P","009-000-00","100037","4582515550554","レトルト_ポーク100g","202706C2J8_TSF","20270628","1","良品","2781","0","指定した業態に優先して取り置く","卸","","","","レトルト","","","","","","4582515550554","","","","","","","","","20250909","20250917"
"20250918","7","大阪","32","1P","010-000-00","980028","","【寄付】レトルト_ポーク100g","","20270118","1","良品","1","0","指定した業態に優先して取り置く","卸","","","","レトルト","","","","","","","","","","","","","","","","20241213"
"20250918","7","大阪","32","1P","011-000-00","100037","4582515550554","レトルト_ポーク100g","202706C2K9_TSF","20270629","1","良品","3142","0","指定した業態に優先して取り置く","卸","","","","レトルト","","","","","","4582515550554","","","","","","","","","20250909","20250917"
"20250918","7","大阪","32","1P","012-000-00","100037","4582515550554","レトルト_ポーク100g","202706B1E4_AYG","20270614","1","良品","4","0","指定した業態に優先して取り置く","卸","","","","レトルト","","","","","","4582515550554","","","","","","","","","20250909","20250917"
"20250918","7","大阪","33","5P","001-000-00","100041","4582515550578","レトルト_ポーク50g","202706C2J8_TSF","20270628","1","良品","2600","2600","指定した業態に優先して取り置く","卸","","","","レトルト","","","","","","4582515550578","","","","","","","","","20250912","20250917"
"20250918","7","大阪","33","5P","002-000-00","100041","4582515550578","レトルト_ポーク50g","202707C2C2_TSF","20270722","1","良品","12720","0","指定した業態に優先して取り置く","卸","","","","レトルト","","","","","","4582515550578","","","","","","","","","20250912","20250917"
"20250918","7","大阪","33","5P","004-000-00","100041","4582515550578","レトルト_ポーク50g","202706C2K9_TSF","20270629","1","良品","3423","402","指定した業態に優先して取り置く","卸","","","","レトルト","","","","","","4582515550578","","","","","","","","","20250912","20250917"
"20250918","7","大阪","33","5P","005-000-00","100041","4582515550578","レトルト_ポーク50g","202708A0B1_AYG","20270801","1","良品","4924","0","指定した業態に優先して取り置く","卸","","","","レトルト","","","","","","4582515550578","","","","","","","","","20250912","20250917"
"20250918","7","大阪","33","5P","006-000-00","100041","4582515550578","レトルト_ポーク50g","202708A0C2_AYG","20270802","1","良品","5072","0","指定した業態に優先して取り置く","卸","","","","レトルト","","","","","","4582515550578","","","","","","","","","20250912","20250917"
"20250918","7","大阪","33","5P","007-000-00","100041","4582515550578","レトルト_ポーク50g","202708A0C2_TSF","20270802","1","良品","14637","0","指定した業態に優先して取り置く","卸","","","","レトルト","","","","","","4582515550578","","","","","","","","","20250912","20250917"
"20250918","7","大阪","966","1F","001-000-00","100038","4582515551469","レトルト_フィッシュ100g","202705B1D3_AYG","20270513","1","良品","7","0","指定した業態に優先して取り置く","卸","","","","レトルト","","","","","","","","","","","","","","","20250731","20250917"
"20250918","7","大阪","966","1F","002-000-00","980029","","【寄付】レトルト_フィッシュ100g","","20261113","1","良品","1","0","指定した業態に優先して取り置く","卸","","","","レトルト","","","","","","","","","","","","","","","",""
"20250918","7","大阪","966","1F","002-000-00","980029","","【寄付】レトルト_フィッシュ100g","","20261112","1","良品","1","0","指定した業態に優先して取り置く","卸","","","","レトルト","","","","","","","","","","","","","","","",""
"20250918","7","大阪","966","1F","003-000-00","980029","","【寄付】レトルト_フィッシュ100g","","20270222","1","良品","1","0","指定した業態に優先して取り置く","卸","","","","レトルト","","","","","","","","","","","","","","","",""
"20250918","7","大阪","966","1F","004-000-00","980029","","【寄付】レトルト_フィッシュ100g","","20270423","1","良品","1","0","指定した業態に優先して取り置く","卸","","","","レトルト","","","","","","","","","","","","","","","",""
"20250918","7","大阪","966","1F","006-000-00","100038","4582515551469","レトルト_フィッシュ100g","202704C2G6_AYG","20270426","1","良品","895","72","指定した業態に優先して取り置く","卸","","","","レトルト","","","","","","","","","","","","","","","20250731","20250917"
"20250918","7","大阪","966","1F","007-000-00","980029","","【寄付】レトルト_フィッシュ100g","","20270311","1","良品","1","0","指定した業態に優先して取り置く","卸","","","","レトルト","","","","","","","","","","","","","","","",""
"20250918","7","大阪","966","1F","008-000-00","100038","4582515551469","レトルト_フィッシュ100g","202706C2F5_AYG","20270625","1","良品","9","0","指定した業態に優先して取り置く","卸","","","","レトルト","","","","","","","","","","","","","","","20250731","20250917"
"20250918","7","大阪","966","1F","008-000-00","100038","4582515551469","レトルト_フィッシュ100g","202706C2E5_AYG","20270625","1","良品","3463","0","指定した業態に優先して取り置く","卸","","","","レトルト","","","","","","","","","","","","","","","20250731","20250917"
"20250918","7","大阪","966","1F","009-000-00","100038","4582515551469","レトルト_フィッシュ100g","202706C2F5_AYG","20270625","1","良品","3500","0","指定した業態に優先して取り置く","卸","","","","レトルト","","","","","","","","","","","","","","","20250731","20250917"
"20250918","7","大阪","967","5F","001-000-00","100042","4582515551476","レトルト_フィッシュ50g","202707C2B1_AYG","20270721","1","良品","2949","0","指定した業態に優先して取り置く","卸","","","","レトルト","","","","","","","","","","","","","","","20250827","20250917"
"20250918","7","大阪","967","5F","005-000-00","100042","4582515551476","レトルト_フィッシュ50g","202706B1H7_AYG","20270617","1","良品","1140","1140","指定した業態に優先して取り置く","卸","","","","レトルト","","","","","","","","","","","","","","","20250827","20250917"
"20250918","7","大阪","967","5F","006-000-00","100042","4582515551476","レトルト_フィッシュ50g","202706B1J8_AYG","20270618","1","良品","1298","202","指定した業態に優先して取り置く","卸","","","","レトルト","","","","","","","","","","","","","","","20250827","20250917"
"20250918","7","大阪","968","1G","001-000-00","100039","4582515551483","レトルト_ジビエ100g","202707A0E4_AYG","20270704","1","良品","8","0","指定した業態に優先して取り置く","卸","","","","レトルト","","","","","","","","","","","","","","","20250709","20250917"
"20250918","7","大阪","968","1G","003-000-00","980030","","【寄付】レトルト_ジビエ100g","","20270326","1","良品","1","0","指定した業態に優先して取り置く","卸","","","","レトルト","","","","","","","","","","","","","","","",""
"20250918","7","大阪","968","1G","006-000-00","980030","","【寄付】レトルト_ジビエ100g","","20270214","1","良品","1","0","指定した業態に優先して取り置く","卸","","","","レトルト","","","","","","","","","","","","","","","",""
"20250918","7","大阪","968","1G","007-000-00","100039","4582515551483","レトルト_ジビエ100g","202704B1E4_AYG","20270414","1","良品","298","62","指定した業態に優先して取り置く","卸","","","","レトルト","","","","","","","","","","","","","","","20250709","20250917"
"20250918","7","大阪","968","1G","008-000-00","980030","","【寄付】レトルト_ジビエ100g","","20270506","1","良品","1","0","指定した業態に優先して取り置く","卸","","","","レトルト","","","","","","","","","","","","","","","",""
"20250918","7","大阪","968","1G","009-000-00","980030","","【寄付】レトルト_ジビエ100g","","20270304","1","良品","1","0","指定した業態に優先して取り置く","卸","","","","レトルト","","","","","","","","","","","","","","","",""
"20250918","7","大阪","968","1G","010-000-00","100039","4582515551483","レトルト_ジビエ100g","202705D3A0_AYG","20270530","1","良品","2030","0","指定した業態に優先して取り置く","卸","","","","レトルト","","","","","","","","","","","","","","","20250709","20250917"
"20250918","7","大阪","968","1G","011-000-00","100039","4582515551483","レトルト_ジビエ100g","202706A0B1_AYG","20270601","1","良品","3013","0","指定した業態に優先して取り置く","卸","","","","レトルト","","","","","","","","","","","","","","","20250709","20250917"
"20250918","7","大阪","968","1G","012-000-00","100039","4582515551483","レトルト_ジビエ100g","202706A0D3_AYG","20270603","1","良品","2017","0","指定した業態に優先して取り置く","卸","","","","レトルト","","","","","","","","","","","","","","","20250709","20250917"
"20250918","7","大阪","969","5G","001-000-00","100043","4582515551490","レトルト_ジビエ50g","202707A0E4_AYG","20270704","1","良品","515","0","指定した業態に優先して取り置く","卸","","","","レトルト","","","","","","","","","","","","","","","20250812","20250917"
"20250918","7","大阪","969","5G","002-000-00","100043","4582515551490","レトルト_ジビエ50g","202706D3B0_AYG","20270630","1","良品","2","0","指定した業態に優先して取り置く","卸","","","","レトルト","","","","","","","","","","","","","","","20250812","20250917"
"20250918","7","大阪","969","5G","005-000-00","100043","4582515551490","レトルト_ジビエ50g","202706D3A0_AYG","20270630","1","良品","9","0","指定した業態に優先して取り置く","卸","","","","レトルト","","","","","","","","","","","","","","","20250812","20250917"
"20250918","7","大阪","969","5G","007-000-00","100043","4582515551490","レトルト_ジビエ50g","202706A0H7_AYG","20270607","1","良品","1580","1580","指定した業態に優先して取り置く","卸","","","","レトルト","","","","","","","","","","","","","","","20250812","20250917"
"20250918","7","大阪","969","5G","008-000-00","100043","4582515551490","レトルト_ジビエ50g","202707A0B1_AYG","20270701","1","良品","3635","0","指定した業態に優先して取り置く","卸","","","","レトルト","","","","","","","","","","","","","","","20250812","20250917"
"20250918","7","大阪","969","5G","009-000-00","100043","4582515551490","レトルト_ジビエ50g","202706A0J8_AYG","20270608","1","良品","1112","262","指定した業態に優先して取り置く","卸","","","","レトルト","","","","","","","","","","","","","","","20250812","20250917"
"20250918","7","大阪","969","5G","010-000-00","100043","4582515551490","レトルト_ジビエ50g","202706B1A0_AYG","20270610","1","良品","10","0","指定した業態に優先して取り置く","卸","","","","レトルト","","","","","","","","","","","","","","","20250812","20250917"
"20250918","7","大阪","970","NC","002-000-00","310021","4582515551704","にゃっち_チキン10g×7本_通販","202706C2D3_EBS","20270623","1","良品","1048","29","指定した業態に優先して取り置く","卸","","","","レトルト","","","","","","","","","","","","","","","20250808","20250917"
"20250918","7","大阪","970","NC","003-000-00","310015","4582515551599","にゃっち_チキン10g×4本_卸","202704A0C2_EBS","20270402","1","良品","2","0","指定した業態に優先して取り置く","卸","","","","レトルト","","","","","","","","","","","","","","","20250910","20250916"
"20250918","7","大阪","970","NC","004-000-00","310029","4582515551834","にゃっち_チキン10g×5本_通販","202707A0E4_EBS","20270704","1","良品","7380","0","指定した業態に優先して取り置く","卸","","","","レトルト","","","","","","","","","","","","","","","20250910",""
"20250918","7","大阪","970","NC","005-000-00","310019","4582515551681","にゃっち_チキン10g×15本_通販","202706C2D3_EBS","20270623","1","良品","1152","56","指定した業態に優先して取り置く","卸","","","","レトルト","","","","","","","","","","","","","","","20250808","20250917"
"20250918","7","大阪","970","NC","006-000-00","310027","4582515551810","にゃっち_チキン10g×10本_通販","202707A0E4_EBS","20270704","1","良品","8247","0","指定した業態に優先して取り置く","卸","","","","レトルト","","","","","","","","","","","","","","","20250910","20250913"
"20250918","7","大阪","970","NC","007-000-00","310015","4582515551599","にゃっち_チキン10g×4本_卸","202704C2B1_EBS","20270421","1","良品","1728","576","指定した業態に優先して取り置く","卸","","","","レトルト","","","","","","","","","","","","","","","20250910","20250916"
"20250918","7","大阪","970","NC","008-000-00","310015","4582515551599","にゃっち_チキン10g×4本_卸","202707A0E4_EBS","20270704","1","良品","3696","0","指定した業態に優先して取り置く","卸","","","","レトルト","","","","","","","","","","","","","","","20250910","20250916"
"20250918","7","大阪","970","NC","009-000-00","310017","","にゃっち_チキン10g×4本_モール","202706C2D3_EBS","20270623","1","良品","11437","2869","指定した業態に優先して取り置く","卸","","","","レトルト","","","","","","","","","","","","","","","20250808","20250917"
"20250918","7","大阪","971","NM","002-000-00","310022","4582515551711","にゃっち_まぐろ10g×7本_通販","202706C2C2_EBS","20270622","1","良品","1048","29","指定した業態に優先して取り置く","卸","","","","レトルト","","","","","","","","","","","","","","","20250808","20250917"
"20250918","7","大阪","971","NM","003-000-00","310016","4582515551605","にゃっち_まぐろ10g×4本_卸","202704A0B1_EBS","20270401","1","良品","15","0","指定した業態に優先して取り置く","卸","","","","レトルト","","","","","","","","","","","","","","","20250910","20250917"
"20250918","7","大阪","971","NM","004-000-00","310030","4582515551841","にゃっち_まぐろ10g×5本_通販","202707A0B1_EBS","20270701","1","良品","7320","0","指定した業態に優先して取り置く","卸","","","","レトルト","","","","","","","","","","","","","","","20250910",""
"20250918","7","大阪","971","NM","005-000-00","310020","4582515551698","にゃっち_まぐろ10g×15本_通販","202706C2C2_EBS","20270622","1","良品","1189","52","指定した業態に優先して取り置く","卸","","","","レトルト","","","","","","","","","","","","","","","20250808","20250917"
"20250918","7","大阪","971","NM","006-000-00","310018","","にゃっち_まぐろ10g×4本_モール","202706C2C2_EBS","20270622","1","良品","9827","2829","指定した業態に優先して取り置く","卸","","","","レトルト","","","","","","","","","","","","","","","20250808","20250917"
"20250918","7","大阪","971","NM","007-000-00","310016","4582515551605","にゃっち_まぐろ10g×4本_卸","202704C2A0_EBS","20270420","1","良品","420","384","指定した業態に優先して取り置く","卸","","","","レトルト","","","","","","","","","","","","","","","20250910","20250917"
"20250918","7","大阪","971","NM","008-000-00","310028","4582515551827","にゃっち_まぐろ10g×10本_通販","202707A0B1_EBS","20270701","1","良品","8507","0","指定した業態に優先して取り置く","卸","","","","レトルト","","","","","","","","","","","","","","","20250910","20250913"
"20250918","7","大阪","971","NM","009-000-00","310016","4582515551605","にゃっち_まぐろ10g×4本_卸","202707A0B1_EBS","20270701","1","良品","3696","0","指定した業態に優先して取り置く","卸","","","","レトルト","","","","","","","","","","","","","","","20250910","20250917"
"20250918","7","大阪","972","NC04","001-000-00","310015","4582515551599","にゃっち_チキン10g×4本_卸","202706C2D3_EBS","20270623","1","良品","1728","0","指定した業態に優先して取り置く","卸","","","","レトルト","","","","","","","","","","","","","","","20250910","20250916"
"20250918","7","大阪","973","NM04","001-000-00","310016","4582515551605","にゃっち_まぐろ10g×4本_卸","202706C2C2_EBS","20270622","1","良品","1728","96","指定した業態に優先して取り置く","卸","","","","レトルト","","","","","","","","","","","","","","","20250910","20250917"
"20250918","7","大阪","42","SW","001-001-01","100102","","ココグルメ_チキン＆さわら100g","202608C2K9_SIL","20260829","1","良品","74","0","指定した業態に優先して取り置く","卸","","","","冷凍","","","","","","","","","","","","","","","20250411","20250904"
"20250918","7","大阪","974","PA","002-001-01","100034","4582515550257","プチ_チキン120g","202607C2C2_SIL","20260722","1","良品","1170","1169","指定した業態に優先して取り置く","卸","","","","冷凍","","","","","","4582515550257","","","","","","","","","20250910","20250917"
"20250918","7","大阪","974","PA","003-000-01","100034","4582515550257","プチ_チキン120g","202608A0E4_SIL","20260804","1","良品","1981","415","指定した業態に優先して取り置く","卸","","","","冷凍","","","","","","4582515550257","","","","","","","","","20250910","20250917"
"20250918","7","大阪","974","PA","006-001-01","100013","4582515550530","プチ_フィッシュ120g","202608A0B1_SIL","20260801","1","良品","1784","0","指定した業態に優先して取り置く","卸","","","","冷凍","","","","","","4582515550530","","","","","","","","","20250910","20250917"
"20250918","7","大阪","975","PB","004-001-01","100035","4582515550264","プチ_ポーク120g","202607B1B1_SIL","20260711","1","良品","205","102","指定した業態に優先して取り置く","卸","","","","冷凍","","","","","","4582515550264","","","","","","","","","20250916","20250917"
"20250918","7","大阪","975","PB","005-001-01","100035","4582515550264","プチ_ポーク120g","202607A0F5_SIL","20260705","1","良品","601","600","指定した業態に優先して取り置く","卸","","","","冷凍","","","","","","4582515550264","","","","","","","","","20250916","20250917"
"20250918","7","大阪","975","PB","006-001-01","100035","4582515550264","プチ_ポーク120g","202608B1C2_SIL","20260812","1","良品","1930","0","指定した業態に優先して取り置く","卸","","","","冷凍","","","","","","4582515550264","","","","","","","","","20250916","20250917"
"20250918","7","大阪","975","PB","012-001-01","100035","4582515550264","プチ_ポーク120g","202602C2J8_SIL","20260228","2","Ｂ品","85","20","指定した業態に優先して取り置く","卸","","","","冷凍","","","","","","4582515550264","","","","","","","","","20250916","20250917"
"20250918","7","大阪","975","PB","024-001-01","100035","4582515550264","プチ_ポーク120g","202602C2E4_SIL","20260224","2","Ｂ品","20","10","指定した業態に優先して取り置く","卸","","","","冷凍","","","","","","4582515550264","","","","","","","","","20250916","20250917"
"20250918","7","大阪","976","PC","005-001-01","100013","4582515550530","プチ_フィッシュ120g","202607B1C2_SIL","20260712","1","良品","563","226","指定した業態に優先して取り置く","卸","","","","冷凍","","","","","","4582515550530","","","","","","","","","20250910","20250917"
"20250918","7","大阪","976","PC","007-001-01","100013","4582515550530","プチ_フィッシュ120g","202608A0C2_SIL","20260802","1","良品","876","0","指定した業態に優先して取り置く","卸","","","","冷凍","","","","","","4582515550530","","","","","","","","","20250910","20250917"
"20250918","7","大阪","977","PD","007-001-01","100024","4582515550585","プチ_ジビエ120g","202607C2G6_SIL","20260726","1","良品","818","248","指定した業態に優先して取り置く","卸","","","","冷凍","","","","","","4582515550585","","","","","","","","","20250902","20250917"
"20250918","7","大阪","977","PD","016-001-01","100024","4582515550585","プチ_ジビエ120g","202604C2G6_SIL","20260426","2","Ｂ品","120","35","指定した業態に優先して取り置く","卸","","","","冷凍","","","","","","4582515550585","","","","","","","","","20250902","20250917"
"20250918","7","大阪","605","ST01","001-001-01","100056","","【卸】レトルト_ポーク50g","202707B1B1_AYG","20270711","1","良品","4637","0","指定した業態に優先して取り置く","卸","","","","レトルト","","","","","","4582515550578","","","","","","","","","20250827","20250916"
"20250918","7","大阪","605","ST01","001-001-02","100052","","【卸】レトルト_ポーク100g","202705B1J8_AYG","20270518","1","良品","3084","0","指定した業態に優先して取り置く","卸","","","","レトルト","","","","","","4582515550554","","","","","","","","","20250722","20250912"
"20250918","7","大阪","605","ST01","001-002-01","100056","","【卸】レトルト_ポーク50g","202707B1C2_AYG","20270712","1","良品","4619","0","指定した業態に優先して取り置く","卸","","","","レトルト","","","","","","4582515550578","","","","","","","","","20250827","20250916"
"20250918","7","大阪","605","ST01","001-003-01","100056","","【卸】レトルト_ポーク50g","202707B1K9_AYG","20270719","1","良品","4222","0","指定した業態に優先して取り置く","卸","","","","レトルト","","","","","","4582515550578","","","","","","","","","20250827","20250916"
"20250918","7","大阪","605","ST01","001-004-02","100052","","【卸】レトルト_ポーク100g","202704D3A0_TSF","20270430","1","良品","4560","768","指定した業態に優先して取り置く","卸","","","","レトルト","","","","","","4582515550554","","","","","","","","","20250722","20250912"
"20250918","7","大阪","605","ST01","001-005-02","100052","","【卸】レトルト_ポーク100g","202706B1B1_AYG","20270611","1","良品","2520","0","指定した業態に優先して取り置く","卸","","","","レトルト","","","","","","4582515550554","","","","","","","","","20250722","20250912"
"20250918","7","大阪","605","ST01","001-006-02","100037","4582515550554","レトルト_ポーク100g","202706B1E4_AYG","20270614","1","良品","2","0","指定した業態に優先して取り置く","卸","","","","レトルト","","","","","","4582515550554","","","","","","","","","20250909","20250917"
"20250918","7","大阪","605","ST01","001-006-02","100052","","【卸】レトルト_ポーク100g","202706B1E4_AYG","20270614","1","良品","2496","0","指定した業態に優先して取り置く","卸","","","","レトルト","","","","","","4582515550554","","","","","","","","","20250722","20250912"
"20250918","7","大阪","605","ST01","001-009-02","100052","","【卸】レトルト_ポーク100g","202705B1G6_AYG","20270516","1","良品","3096","0","指定した業態に優先して取り置く","卸","","","","レトルト","","","","","","4582515550554","","","","","","","","","20250722","20250912"
"20250918","7","大阪","605","ST01","001-013-01","100056","","【卸】レトルト_ポーク50g","202703C2E4_AYG","20270324","1","良品","84","48","指定した業態に優先して取り置く","卸","","","","レトルト","","","","","","4582515550578","","","","","","","","","20250827","20250916"
"20250918","7","大阪","605","ST01","001-014-01","100056","","【卸】レトルト_ポーク50g","202704A0K9_AYG","20270409","1","良品","1068","624","指定した業態に優先して取り置く","卸","","","","レトルト","","","","","","4582515550578","","","","","","","","","20250827","20250916"
"20250918","7","大阪","605","ST01","002-001-01","100055","","【卸】レトルト_チキン50g","202707A0F5_AYG","20270705","1","良品","2616","528","指定した業態に優先して取り置く","卸","","","","レトルト","","","","","","4582515550561","","","","","","","","","20250917","20250917"
"20250918","7","大阪","605","ST01","002-002-01","100055","","【卸】レトルト_チキン50g","202707A0H7_AYG","20270707","1","良品","3684","0","指定した業態に優先して取り置く","卸","","","","レトルト","","","","","","4582515550561","","","","","","","","","20250917","20250917"
"20250918","7","大阪","605","ST01","002-002-02","100051","","【卸】レトルト_チキン100g","202707C2F5_AYG","20270725","1","良品","3074","0","指定した業態に優先して取り置く","卸","","","","レトルト","","","","","","4582515550547","","","","","","","","","20250829","20250916"
"20250918","7","大阪","605","ST01","002-003-01","100055","","【卸】レトルト_チキン50g","202707A0J8_AYG","20270708","1","良品","3040","0","指定した業態に優先して取り置く","卸","","","","レトルト","","","","","","4582515550561","","","","","","","","","20250917","20250917"
"20250918","7","大阪","605","ST01","002-004-01","100055","","【卸】レトルト_チキン50g","202708A0D3_AYG","20270803","1","良品","5046","0","指定した業態に優先して取り置く","卸","","","","レトルト","","","","","","4582515550561","","","","","","","","","20250917","20250917"
"20250918","7","大阪","605","ST01","002-005-01","100055","","【卸】レトルト_チキン50g","202708A0K9_AYG","20270809","1","良品","4999","0","指定した業態に優先して取り置く","卸","","","","レトルト","","","","","","4582515550561","","","","","","","","","20250917","20250917"
"20250918","7","大阪","605","ST01","002-007-02","100051","","【卸】レトルト_チキン100g","202705B1K9_AYG","20270519","1","良品","1368","672","指定した業態に優先して取り置く","卸","","","","レトルト","","","","","","4582515550547","","","","","","","","","20250829","20250916"
"20250918","7","大阪","605","ST01","002-013-01","100055","","【卸】レトルト_チキン50g","202704C2A0_AYG","20270420","1","良品","12","0","指定した業態に優先して取り置く","卸","","","","レトルト","","","","","","4582515550561","","","","","","","","","20250917","20250917"
"20250918","7","大阪","605","ST01","002-014-01","100055","","【卸】レトルト_チキン50g","202704C2B1_AYG","20270421","1","良品","12","0","指定した業態に優先して取り置く","卸","","","","レトルト","","","","","","4582515550561","","","","","","","","","20250917","20250917"
"20250918","7","大阪","605","ST01","002-015-01","100055","","【卸】レトルト_チキン50g","202704C2C2_AYG","20270422","1","良品","276","240","指定した業態に優先して取り置く","卸","","","","レトルト","","","","","","4582515550561","","","","","","","","","20250917","20250917"
"20250918","7","大阪","605","ST01","003-001-02","100054","","【卸】レトルト_ジビエ100g","202705A0G6_AYG","20270506","1","良品","1836","96","指定した業態に優先して取り置く","卸","","","","レトルト","","","","","","","","","","","","","","","20250812","20250916"
"20250918","7","大阪","605","ST01","003-002-02","100054","","【卸】レトルト_ジビエ100g","202705D3A0_AYG","20270530","1","良品","996","0","指定した業態に優先して取り置く","卸","","","","レトルト","","","","","","","","","","","","","","","20250812","20250916"
"20250918","7","大阪","605","ST01","003-003-02","100054","","【卸】レトルト_ジビエ100g","202707A0E4_AYG","20270704","1","良品","1956","0","指定した業態に優先して取り置く","卸","","","","レトルト","","","","","","","","","","","","","","","20250812","20250916"
"20250918","7","大阪","605","ST01","003-004-01","100058","","【卸】レトルト_ジビエ50g","202706D3A0_AYG","20270630","1","良品","3084","384","指定した業態に優先して取り置く","卸","","","","レトルト","","","","","","","","","","","","","","","20250806","20250917"
"20250918","7","大阪","605","ST01","003-004-02","100054","","【卸】レトルト_ジビエ100g","202703C2G6_AYG","20270326","1","良品","36","0","指定した業態に優先して取り置く","卸","","","","レトルト","","","","","","","","","","","","","","","20250812","20250916"
"20250918","7","大阪","605","ST01","003-006-01","100058","","【卸】レトルト_ジビエ50g","202706B1A0_AYG","20270610","1","良品","12","0","指定した業態に優先して取り置く","卸","","","","レトルト","","","","","","","","","","","","","","","20250806","20250917"
"20250918","7","大阪","605","ST01","003-007-01","100058","","【卸】レトルト_ジビエ50g","202706D3B0_AYG","20270630","1","良品","3708","0","指定した業態に優先して取り置く","卸","","","","レトルト","","","","","","","","","","","","","","","20250806","20250917"
"20250918","7","大阪","605","ST01","004-001-02","100053","","【卸】レトルト_フィッシュ100g","202704A0B1_AYG","20270401","1","良品","1404","96","指定した業態に優先して取り置く","卸","","","","レトルト","","","","","","","","","","","","","","","20250902","20250917"
"20250918","7","大阪","605","ST01","004-002-02","100053","","【卸】レトルト_フィッシュ100g","202707C2G6_AYG","20270726","1","良品","2082","0","指定した業態に優先して取り置く","卸","","","","レトルト","","","","","","","","","","","","","","","20250902","20250917"
"20250918","7","大阪","605","ST01","004-004-01","100057","","【卸】レトルト_フィッシュ50g","202707C2G6_AYG","20270726","1","良品","34","0","指定した業態に優先して取り置く","卸","","","","レトルト","","","","","","","","","","","","","","","20250903","20250916"
"20250918","7","大阪","605","ST01","004-004-02","100053","","【卸】レトルト_フィッシュ100g","202705B1D3_AYG","20270513","1","良品","1560","0","指定した業態に優先して取り置く","卸","","","","レトルト","","","","","","","","","","","","","","","20250902","20250917"
"20250918","7","大阪","605","ST01","004-005-02","100053","","【卸】レトルト_フィッシュ100g","202706C2F5_AYG","20270625","1","良品","540","0","指定した業態に優先して取り置く","卸","","","","レトルト","","","","","","","","","","","","","","","20250902","20250917"
"20250918","7","大阪","605","ST01","004-006-01","100057","","【卸】レトルト_フィッシュ50g","202707C2J8_AYG","20270728","1","良品","3029","192","指定した業態に優先して取り置く","卸","","","","レトルト","","","","","","","","","","","","","","","20250903","20250916"
"20250918","7","大阪","605","ST01","004-007-01","100057","","【卸】レトルト_フィッシュ50g","202707C2K9_AYG","20270729","1","良品","3650","0","指定した業態に優先して取り置く","卸","","","","レトルト","","","","","","","","","","","","","","","20250903","20250916"
"20250918","7","大阪","606","BS","001-001-01","100125","4582515551742","ココグルメ_ビーフ＆スイートポテト_100g","202701C2D3_SIL","20270123","1","良品","11142","0","指定した業態に優先して取り置く","卸","","","","冷凍","","","","","","","","","","","","","","","20250910",""
"20250918","7","大阪","606","BS","002-001-01","100125","4582515551742","ココグルメ_ビーフ＆スイートポテト_100g","202701C2E4_SIL","20270124","1","良品","6916","0","指定した業態に優先して取り置く","卸","","","","冷凍","","","","","","","","","","","","","","","20250910",""
"20250918","7","大阪","964","KIFU","000-001-01","910001","","【寄付】レトルト_まぐろ&タラ50g","","20251229","1","良品","50","0","指定した業態に優先して取り置く","卸","","","","レトルト","","","","","","","","","","","","","","","","20250422"
"20250918","7","大阪","964","KIFU","000-001-01","910002","","【寄付】レトルト_かつお&サーモン50g","","20251230","1","良品","50","0","指定した業態に優先して取り置く","卸","","","","レトルト","","","","","","","","","","","","","","","","20250422"
"20250918","7","大阪","964","KIFU","000-001-01","910003","","【寄付】ミャオピュア_レトルト_まぐろ50g","","20260204","1","良品","1036","0","指定した業態に優先して取り置く","卸","","","","レトルト","","","","","","","","","","","","","","","","20250901"
"20250918","7","大阪","964","KIFU","000-001-01","910003","","【寄付】ミャオピュア_レトルト_まぐろ50g","","20251228","1","良品","77","0","指定した業態に優先して取り置く","卸","","","","レトルト","","","","","","","","","","","","","","","","20250901"
"20250918","7","大阪","964","KIFU","000-001-01","910004","","【寄付】ミャオピュア_レトルト_かつお50g","","20251227","1","良品","77","0","指定した業態に優先して取り置く","卸","","","","レトルト","","","","","","","","","","","","","","","","20250901"
"20250918","7","大阪","964","KIFU","000-001-01","910004","","【寄付】ミャオピュア_レトルト_かつお50g","","20260205","1","良品","1036","0","指定した業態に優先して取り置く","卸","","","","レトルト","","","","","","","","","","","","","","","","20250901"
"20250918","7","大阪","964","KIFU","000-001-01","910005","","【寄付】にゃっち_チキン10g","","20270623","1","良品","7","0","指定した業態に優先して取り置く","卸","","","","レトルト","","","","","","","","","","","","","","","","20250208"
"20250918","7","大阪","964","KIFU","000-001-01","910006","","【寄付】にゃっち_まぐろ10g","","20270622","1","良品","7","0","指定した業態に優先して取り置く","卸","","","","レトルト","","","","","","","","","","","","","","","","20250208"
"20250918","7","大阪","964","KIFU","000-001-01","980027","","【寄付】レトルト_チキン100g","","20260410","1","良品","1","0","指定した業態に優先して取り置く","卸","","","","レトルト","","","","","","","","","","","","","","","","20241206"
"20250918","7","大阪","964","KIFU","000-001-01","980027","","【寄付】レトルト_チキン100g","","20261103","1","良品","1","0","指定した業態に優先して取り置く","卸","","","","レトルト","","","","","","","","","","","","","","","","20241206"
"20250918","7","大阪","964","KIFU","000-001-01","980027","","【寄付】レトルト_チキン100g","","20270314","1","良品","7","0","指定した業態に優先して取り置く","卸","","","","レトルト","","","","","","","","","","","","","","","","20241206"
"20250918","7","大阪","964","KIFU","000-001-01","980029","","【寄付】レトルト_フィッシュ100g","","20270311","1","良品","6","0","指定した業態に優先して取り置く","卸","","","","レトルト","","","","","","","","","","","","","","","",""
"20250918","7","大阪","964","KIFU","000-001-01","980029","","【寄付】レトルト_フィッシュ100g","","20261112","1","良品","2","0","指定した業態に優先して取り置く","卸","","","","レトルト","","","","","","","","","","","","","","","",""
"20250918","7","大阪","964","KIFU","000-001-01","980031","","【寄付】レトルト_チキン50g","","20270602","1","良品","1","0","指定した業態に優先して取り置く","卸","","","","レトルト","","","","","","","","","","","","","","","","20241213"
"20250918","7","大阪","964","KIFU","000-001-01","980031","","【寄付】レトルト_チキン50g","","20270512","1","良品","5","0","指定した業態に優先して取り置く","卸","","","","レトルト","","","","","","","","","","","","","","","","20241213"
"20250918","7","大阪","964","KIFU","000-001-01","980032","","【寄付】レトルト_ポーク50g","","20270503","1","良品","3","0","指定した業態に優先して取り置く","卸","","","","レトルト","","","","","","","","","","","","","","","","20241213"
"20250918","7","大阪","964","KIFU","000-001-01","980033","","【寄付】レトルト_フィッシュ50g","","20261110","1","良品","1","0","指定した業態に優先して取り置く","卸","","","","レトルト","","","","","","","","","","","","","","","",""
"20250918","7","大阪","964","KIFU","000-001-01","980033","","【寄付】レトルト_フィッシュ50g","","20270206","1","良品","4","0","指定した業態に優先して取り置く","卸","","","","レトルト","","","","","","","","","","","","","","","",""
"20250918","7","大阪","964","KIFU","000-001-01","980033","","【寄付】レトルト_フィッシュ50g","","20270314","1","良品","1","0","指定した業態に優先して取り置く","卸","","","","レトルト","","","","","","","","","","","","","","","",""
"20250918","7","大阪","964","KIFU","000-001-01","980034","","【寄付】レトルト_ジビエ50g","","20261224","1","良品","1","0","指定した業態に優先して取り置く","卸","","","","レトルト","","","","","","","","","","","","","","","",""
"20250918","7","大阪","964","KIFU","000-001-01","980034","","【寄付】レトルト_ジビエ50g","","20270317","1","良品","1","0","指定した業態に優先して取り置く","卸","","","","レトルト","","","","","","","","","","","","","","","",""
"20250918","7","大阪","964","KIFU","000-001-01","980044","","【寄付】フリーズドライ納豆10g(常温)","202604B1A0","20260410","1","良品","7","0","指定した業態に優先して取り置く","卸","","","","レトルト","","","","","","","","","","","","","","","",""
"20250918","7","大阪","964","KIFU","000-001-02","910003","","【寄付】ミャオピュア_レトルト_まぐろ50g","","20251228","1","良品","303","0","指定した業態に優先して取り置く","卸","","","","レトルト","","","","","","","","","","","","","","","","20250901"
"20250918","7","大阪","964","KIFU","000-001-02","910004","","【寄付】ミャオピュア_レトルト_かつお50g","","20251227","1","良品","279","0","指定した業態に優先して取り置く","卸","","","","レトルト","","","","","","","","","","","","","","","","20250901"
"20250918","7","大阪","964","KIFU","000-001-02","980028","","【寄付】レトルト_ポーク100g","","20260416","1","良品","1","0","指定した業態に優先して取り置く","卸","","","","レトルト","","","","","","","","","","","","","","","","20241213"
"20250918","7","大阪","964","KIFU","000-001-02","980028","","【寄付】レトルト_ポーク100g","","20270315","1","良品","7","0","指定した業態に優先して取り置く","卸","","","","レトルト","","","","","","","","","","","","","","","","20241213"
"20250918","7","大阪","964","KIFU","000-001-02","980028","","【寄付】レトルト_ポーク100g","","20260911","1","良品","1","0","指定した業態に優先して取り置く","卸","","","","レトルト","","","","","","","","","","","","","","","","20241213"
"20250918","7","大阪","964","KIFU","000-001-02","980030","","【寄付】レトルト_ジビエ100g","","20261105","1","良品","1","0","指定した業態に優先して取り置く","卸","","","","レトルト","","","","","","","","","","","","","","","",""
"20250918","7","大阪","964","KIFU","000-001-02","980030","","【寄付】レトルト_ジビエ100g","","20270307","1","良品","4","0","指定した業態に優先して取り置く","卸","","","","レトルト","","","","","","","","","","","","","","","",""
"20250918","7","大阪","964","KIFU","000-002-01","910005","","【寄付】にゃっち_チキン10g","","20270402","1","良品","7","0","指定した業態に優先して取り置く","卸","","","","レトルト","","","","","","","","","","","","","","","","20250208"
"20250918","7","大阪","964","KIFU","000-002-01","910005","","【寄付】にゃっち_チキン10g","","20261121","1","良品","28","0","指定した業態に優先して取り置く","卸","","","","レトルト","","","","","","","","","","","","","","","","20250208"
"20250918","7","大阪","964","KIFU","000-002-01","910005","","【寄付】にゃっち_チキン10g","","20270221","1","良品","37","0","指定した業態に優先して取り置く","卸","","","","レトルト","","","","","","","","","","","","","","","","20250208"
"20250918","7","大阪","964","KIFU","000-002-01","910006","","【寄付】にゃっち_まぐろ10g","","20270221","1","良品","37","0","指定した業態に優先して取り置く","卸","","","","レトルト","","","","","","","","","","","","","","","","20250208"
"20250918","7","大阪","964","KIFU","000-002-01","910006","","【寄付】にゃっち_まぐろ10g","","20270401","1","良品","7","0","指定した業態に優先して取り置く","卸","","","","レトルト","","","","","","","","","","","","","","","","20250208"
"20250918","7","大阪","964","KIFU","000-002-01","910006","","【寄付】にゃっち_まぐろ10g","","20261120","1","良品","28","0","指定した業態に優先して取り置く","卸","","","","レトルト","","","","","","","","","","","","","","","","20250208"
"20250918","7","大阪","964","KIFU","000-002-01","980031","","【寄付】レトルト_チキン50g","","20260917","1","良品","6","0","指定した業態に優先して取り置く","卸","","","","レトルト","","","","","","","","","","","","","","","","20241213"
"20250918","7","大阪","964","KIFU","000-002-01","980031","","【寄付】レトルト_チキン50g","","20261214","1","良品","4","0","指定した業態に優先して取り置く","卸","","","","レトルト","","","","","","","","","","","","","","","","20241213"
"20250918","7","大阪","964","KIFU","000-002-01","980031","","【寄付】レトルト_チキン50g","","20260901","1","良品","5","0","指定した業態に優先して取り置く","卸","","","","レトルト","","","","","","","","","","","","","","","","20241213"
"20250918","7","大阪","964","KIFU","000-002-01","980031","","【寄付】レトルト_チキン50g","","20260625","1","良品","12","0","指定した業態に優先して取り置く","卸","","","","レトルト","","","","","","","","","","","","","","","","20241213"
"20250918","7","大阪","964","KIFU","000-002-01","980031","","【寄付】レトルト_チキン50g","","20270309","1","良品","1","0","指定した業態に優先して取り置く","卸","","","","レトルト","","","","","","","","","","","","","","","","20241213"
"20250918","7","大阪","964","KIFU","000-002-01","980031","","【寄付】レトルト_チキン50g","","20260622","1","良品","6","0","指定した業態に優先して取り置く","卸","","","","レトルト","","","","","","","","","","","","","","","","20241213"
"20250918","7","大阪","964","KIFU","000-002-01","980031","","【寄付】レトルト_チキン50g","","20261019","1","良品","1","0","指定した業態に優先して取り置く","卸","","","","レトルト","","","","","","","","","","","","","","","","20241213"
"20250918","7","大阪","964","KIFU","000-002-01","980033","","【寄付】レトルト_フィッシュ50g","","20270207","1","良品","4","0","指定した業態に優先して取り置く","卸","","","","レトルト","","","","","","","","","","","","","","","",""
"20250918","7","大阪","964","KIFU","000-002-02","910001","","【寄付】レトルト_まぐろ&タラ50g","","20261229","1","良品","1","0","指定した業態に優先して取り置く","卸","","","","レトルト","","","","","","","","","","","","","","","","20250422"
"20250918","7","大阪","964","KIFU","000-002-02","910002","","【寄付】レトルト_かつお&サーモン50g","","20251230","1","良品","1","0","指定した業態に優先して取り置く","卸","","","","レトルト","","","","","","","","","","","","","","","","20250422"
"20250918","7","大阪","964","KIFU","000-002-02","910003","","【寄付】ミャオピュア_レトルト_まぐろ50g","","20251228","1","良品","1","0","指定した業態に優先して取り置く","卸","","","","レトルト","","","","","","","","","","","","","","","","20250901"
"20250918","7","大阪","964","KIFU","000-002-02","910004","","【寄付】ミャオピュア_レトルト_かつお50g","","20251227","1","良品","1","0","指定した業態に優先して取り置く","卸","","","","レトルト","","","","","","","","","","","","","","","","20250901"
"20250918","7","大阪","964","KIFU","000-002-02","980032","","【寄付】レトルト_ポーク50g","","20261207","1","良品","1","0","指定した業態に優先して取り置く","卸","","","","レトルト","","","","","","","","","","","","","","","","20241213"
"20250918","7","大阪","964","KIFU","000-002-02","980032","","【寄付】レトルト_ポーク50g","","20261027","1","良品","6","0","指定した業態に優先して取り置く","卸","","","","レトルト","","","","","","","","","","","","","","","","20241213"
"20250918","7","大阪","964","KIFU","000-002-02","980032","","【寄付】レトルト_ポーク50g","","20261208","1","良品","4","0","指定した業態に優先して取り置く","卸","","","","レトルト","","","","","","","","","","","","","","","","20241213"
"20250918","7","大阪","964","KIFU","000-002-02","980032","","【寄付】レトルト_ポーク50g","","20260908","1","良品","5","0","指定した業態に優先して取り置く","卸","","","","レトルト","","","","","","","","","","","","","","","","20241213"
"20250918","7","大阪","964","KIFU","000-002-02","980032","","【寄付】レトルト_ポーク50g","","20270315","1","良品","1","0","指定した業態に優先して取り置く","卸","","","","レトルト","","","","","","","","","","","","","","","","20241213"
"20250918","7","大阪","964","KIFU","000-002-02","980032","","【寄付】レトルト_ポーク50g","","20260706","1","良品","12","0","指定した業態に優先して取り置く","卸","","","","レトルト","","","","","","","","","","","","","","","","20241213"
"20250918","7","大阪","964","KIFU","000-002-02","980032","","【寄付】レトルト_ポーク50g","","20260619","1","良品","6","0","指定した業態に優先して取り置く","卸","","","","レトルト","","","","","","","","","","","","","","","","20241213"
"20250918","7","大阪","964","KIFU","000-002-02","980032","","【寄付】レトルト_ポーク50g","","20260611","1","良品","5","0","指定した業態に優先して取り置く","卸","","","","レトルト","","","","","","","","","","","","","","","","20241213"
"20250918","7","大阪","964","KIFU","001-025-10","980025","","【寄付】プチ_チキン120g","","20251020","1","良品","2","0","指定した業態に優先して取り置く","卸","","","","冷凍","","","","","","","","","","","","","","","","20250524"
"20250918","7","大阪","964","KIFU","001-025-11","980014","","【寄付】ココグルメ_ポーク100g","","20251110","1","良品","1","0","指定した業態に優先して取り置く","卸","","","","冷凍","","","","","","","","","","","","","","","","20250910"
"20250918","7","大阪","964","KIFU","001-025-11","980016","","【寄付】ココグルメ_ジビエ100g","","20251124","1","良品","3","0","指定した業態に優先して取り置く","卸","","","","冷凍","","","","","","","","","","","","","","","","20250910"
"20250918","7","大阪","964","KIFU","001-025-11","980025","","【寄付】プチ_チキン120g","","20251125","1","良品","2","0","指定した業態に優先して取り置く","卸","","","","冷凍","","","","","","","","","","","","","","","","20250524"
"20250918","7","大阪","964","KIFU","001-025-11","980037","","【寄付】ケア_早期腎臓サポート100g","","20251120","1","良品","13","0","指定した業態に優先して取り置く","卸","","","","冷凍","","","","","","","","","","","","","","","",""
"20250918","7","大阪","964","KIFU","001-025-12","980014","","【寄付】ココグルメ_ポーク100g","","20251210","1","良品","1","0","指定した業態に優先して取り置く","卸","","","","冷凍","","","","","","","","","","","","","","","","20250910"
"20250918","7","大阪","964","KIFU","001-025-12","980023","","【寄付】プチ_フィッシュ120g","","20251220","1","良品","1","0","指定した業態に優先して取り置く","卸","","","","冷凍","","","","","","","","","","","","","","","","20250215"
"20250918","7","大阪","964","KIFU","001-025-12","980025","","【寄付】プチ_チキン120g","","20251213","1","良品","3","0","指定した業態に優先して取り置く","卸","","","","冷凍","","","","","","","","","","","","","","","","20250524"
"20250918","7","大阪","964","KIFU","001-025-12","980025","","【寄付】プチ_チキン120g","","20251214","1","良品","4","0","指定した業態に優先して取り置く","卸","","","","冷凍","","","","","","","","","","","","","","","","20250524"
"20250918","7","大阪","964","KIFU","001-025-12","980026","","【寄付】プチ_ポーク120g","","20251223","1","良品","5","0","指定した業態に優先して取り置く","卸","","","","冷凍","","","","","","","","","","","","","","","","20250524"
"20250918","7","大阪","964","KIFU","001-026-01","980016","","【寄付】ココグルメ_ジビエ100g","","20260122","1","良品","4","0","指定した業態に優先して取り置く","卸","","","","冷凍","","","","","","","","","","","","","","","","20250910"
"20250918","7","大阪","964","KIFU","001-026-01","980025","","【寄付】プチ_チキン120g","","20260110","1","良品","2","0","指定した業態に優先して取り置く","卸","","","","冷凍","","","","","","","","","","","","","","","","20250524"
"20250918","7","大阪","964","KIFU","001-026-01","980026","","【寄付】プチ_ポーク120g","","20260124","1","良品","4","0","指定した業態に優先して取り置く","卸","","","","冷凍","","","","","","","","","","","","","","","","20250524"
"20250918","7","大阪","964","KIFU","001-026-01","980026","","【寄付】プチ_ポーク120g","","20260121","1","良品","3","0","指定した業態に優先して取り置く","卸","","","","冷凍","","","","","","","","","","","","","","","","20250524"
"20250918","7","大阪","964","KIFU","001-026-01","980037","","【寄付】ケア_早期腎臓サポート100g","","20260118","1","良品","5","0","指定した業態に優先して取り置く","卸","","","","冷凍","","","","","","","","","","","","","","","",""
"20250918","7","大阪","964","KIFU","001-026-01","980037","","【寄付】ケア_早期腎臓サポート100g","","20260119","1","良品","4","0","指定した業態に優先して取り置く","卸","","","","冷凍","","","","","","","","","","","","","","","",""
"20250918","7","大阪","964","KIFU","001-026-01","980038","","【寄付】ケア_消化器サポート100g","","20260113","1","良品","5","0","指定した業態に優先して取り置く","卸","","","","冷凍","","","","","","","","","","","","","","","","20250220"
"20250918","7","大阪","964","KIFU","001-026-02","980023","","【寄付】プチ_フィッシュ120g","","20260211","1","良品","2","0","指定した業態に優先して取り置く","卸","","","","冷凍","","","","","","","","","","","","","","","","20250215"
"20250918","7","大阪","964","KIFU","001-026-02","980024","","【寄付】プチ_ジビエ120g","","20260226","1","良品","1","0","指定した業態に優先して取り置く","卸","","","","冷凍","","","","","","","","","","","","","","","","20250524"
"20250918","7","大阪","964","KIFU","001-026-02","980024","","【寄付】プチ_ジビエ120g","","20260210","1","良品","2","0","指定した業態に優先して取り置く","卸","","","","冷凍","","","","","","","","","","","","","","","","20250524"
"20250918","7","大阪","964","KIFU","001-026-02","980025","","【寄付】プチ_チキン120g","","20260214","1","良品","2","0","指定した業態に優先して取り置く","卸","","","","冷凍","","","","","","","","","","","","","","","","20250524"
"20250918","7","大阪","964","KIFU","001-026-02","980037","","【寄付】ケア_早期腎臓サポート100g","","20260205","1","良品","2","0","指定した業態に優先して取り置く","卸","","","","冷凍","","","","","","","","","","","","","","","",""
"20250918","7","大阪","964","KIFU","001-026-02","980037","","【寄付】ケア_早期腎臓サポート100g","","20260204","1","良品","26","0","指定した業態に優先して取り置く","卸","","","","冷凍","","","","","","","","","","","","","","","",""
"20250918","7","大阪","964","KIFU","001-026-03","980023","","【寄付】プチ_フィッシュ120g","","20260308","1","良品","7","0","指定した業態に優先して取り置く","卸","","","","冷凍","","","","","","","","","","","","","","","","20250215"
"20250918","7","大阪","964","KIFU","001-026-03","980025","","【寄付】プチ_チキン120g","","20260324","1","良品","5","0","指定した業態に優先して取り置く","卸","","","","冷凍","","","","","","","","","","","","","","","","20250524"
"20250918","7","大阪","964","KIFU","001-026-03","980025","","【寄付】プチ_チキン120g","","20260325","1","良品","6","0","指定した業態に優先して取り置く","卸","","","","冷凍","","","","","","","","","","","","","","","","20250524"
"20250918","7","大阪","964","KIFU","001-026-03","980025","","【寄付】プチ_チキン120g","","20260321","1","良品","3","0","指定した業態に優先して取り置く","卸","","","","冷凍","","","","","","","","","","","","","","","","20250524"
"20250918","7","大阪","964","KIFU","001-026-03","980025","","【寄付】プチ_チキン120g","","20260318","1","良品","3","0","指定した業態に優先して取り置く","卸","","","","冷凍","","","","","","","","","","","","","","","","20250524"
"20250918","7","大阪","964","KIFU","001-026-03","980025","","【寄付】プチ_チキン120g","","20260323","1","良品","2","0","指定した業態に優先して取り置く","卸","","","","冷凍","","","","","","","","","","","","","","","","20250524"
"20250918","7","大阪","964","KIFU","001-026-03","980026","","【寄付】プチ_ポーク120g","","20260310","1","良品","2","0","指定した業態に優先して取り置く","卸","","","","冷凍","","","","","","","","","","","","","","","","20250524"
"20250918","7","大阪","964","KIFU","001-026-03","980026","","【寄付】プチ_ポーク120g","","20260304","1","良品","2","0","指定した業態に優先して取り置く","卸","","","","冷凍","","","","","","","","","","","","","","","","20250524"
"20250918","7","大阪","964","KIFU","001-026-03","980026","","【寄付】プチ_ポーク120g","","20260311","1","良品","3","0","指定した業態に優先して取り置く","卸","","","","冷凍","","","","","","","","","","","","","","","","20250524"
"20250918","7","大阪","964","KIFU","001-026-03","980026","","【寄付】プチ_ポーク120g","","20260303","1","良品","3","0","指定した業態に優先して取り置く","卸","","","","冷凍","","","","","","","","","","","","","","","","20250524"
"20250918","7","大阪","964","KIFU","001-026-03","980026","","【寄付】プチ_ポーク120g","","20260301","1","良品","3","0","指定した業態に優先して取り置く","卸","","","","冷凍","","","","","","","","","","","","","","","","20250524"
"20250918","7","大阪","964","KIFU","001-026-03","980037","","【寄付】ケア_早期腎臓サポート100g","","20260303","1","良品","7","0","指定した業態に優先して取り置く","卸","","","","冷凍","","","","","","","","","","","","","","","",""
"20250918","7","大阪","964","KIFU","001-026-03","980037","","【寄付】ケア_早期腎臓サポート100g","","20260304","1","良品","4","0","指定した業態に優先して取り置く","卸","","","","冷凍","","","","","","","","","","","","","","","",""
"20250918","7","大阪","964","KIFU","001-026-04","980024","","【寄付】プチ_ジビエ120g","","20260427","1","良品","4","0","指定した業態に優先して取り置く","卸","","","","冷凍","","","","","","","","","","","","","","","","20250524"
"20250918","7","大阪","964","KIFU","001-026-04","980025","","【寄付】プチ_チキン120g","","20260407","1","良品","3","0","指定した業態に優先して取り置く","卸","","","","冷凍","","","","","","","","","","","","","","","","20250524"
"20250918","7","大阪","964","KIFU","001-026-04","980026","","【寄付】プチ_ポーク120g","","20260416","1","良品","9","0","指定した業態に優先して取り置く","卸","","","","冷凍","","","","","","","","","","","","","","","","20250524"
"20250918","7","大阪","964","KIFU","001-026-04","980026","","【寄付】プチ_ポーク120g","","20260419","1","良品","3","0","指定した業態に優先して取り置く","卸","","","","冷凍","","","","","","","","","","","","","","","","20250524"
"20250918","7","大阪","964","KIFU","001-026-04","980037","","【寄付】ケア_早期腎臓サポート100g","","20260707","1","良品","8","0","指定した業態に優先して取り置く","卸","","","","冷凍","","","","","","","","","","","","","","","",""
"20250918","7","大阪","964","KIFU","001-026-04","980037","","【寄付】ケア_早期腎臓サポート100g","","20260407","1","良品","16","0","指定した業態に優先して取り置く","卸","","","","冷凍","","","","","","","","","","","","","","","",""
"20250918","7","大阪","964","KIFU","001-026-05","980014","","【寄付】ココグルメ_ポーク100g","","20260509","1","良品","2","0","指定した業態に優先して取り置く","卸","","","","冷凍","","","","","","","","","","","","","","","","20250910"
"20250918","7","大阪","964","KIFU","001-026-05","980024","","【寄付】プチ_ジビエ120g","","20260502","1","良品","1","0","指定した業態に優先して取り置く","卸","","","","冷凍","","","","","","","","","","","","","","","","20250524"
"20250918","7","大阪","964","KIFU","001-026-05","980037","","【寄付】ケア_早期腎臓サポート100g","","20260504","1","良品","14","0","指定した業態に優先して取り置く","卸","","","","冷凍","","","","","","","","","","","","","","","",""
"20250918","7","大阪","964","KIFU","001-026-06","980014","","【寄付】ココグルメ_ポーク100g","","20260624","1","良品","14","0","指定した業態に優先して取り置く","卸","","","","冷凍","","","","","","","","","","","","","","","","20250910"
"20250918","7","大阪","964","KIFU","001-026-06","980016","","【寄付】ココグルメ_ジビエ100g","","20260602","1","良品","13","0","指定した業態に優先して取り置く","卸","","","","冷凍","","","","","","","","","","","","","","","","20250910"
"20250918","7","大阪","964","KIFU","001-026-06","980016","","【寄付】ココグルメ_ジビエ100g","","20260601","1","良品","2","0","指定した業態に優先して取り置く","卸","","","","冷凍","","","","","","","","","","","","","","","","20250910"
"20250918","7","大阪","964","KIFU","001-026-06","980025","","【寄付】プチ_チキン120g","","20260624","1","良品","3","0","指定した業態に優先して取り置く","卸","","","","冷凍","","","","","","","","","","","","","","","","20250524"
"20250918","7","大阪","964","KIFU","001-026-06","980026","","【寄付】プチ_ポーク120g","","20260618","1","良品","1","0","指定した業態に優先して取り置く","卸","","","","冷凍","","","","","","","","","","","","","","","","20250524"
"20250918","7","大阪","964","KIFU","001-026-07","980015","","【寄付】ココグルメ_フィッシュ100g","","20260730","1","良品","4","0","指定した業態に優先して取り置く","卸","","","","冷凍","","","","","","","","","","","","","","","","20250910"
"20250918","7","大阪","964","KIFU","001-026-07","980015","","【寄付】ココグルメ_フィッシュ100g","","20260726","1","良品","4","0","指定した業態に優先して取り置く","卸","","","","冷凍","","","","","","","","","","","","","","","","20250910"
"20250918","7","大阪","964","KIFU","001-026-07","980015","","【寄付】ココグルメ_フィッシュ100g","","20260722","1","良品","17","0","指定した業態に優先して取り置く","卸","","","","冷凍","","","","","","","","","","","","","","","","20250910"
"20250918","7","大阪","964","KIFU","001-026-07","980015","","【寄付】ココグルメ_フィッシュ100g","","20260725","1","良品","4","0","指定した業態に優先して取り置く","卸","","","","冷凍","","","","","","","","","","","","","","","","20250910"
"20250918","7","大阪","964","KIFU","001-026-07","980015","","【寄付】ココグルメ_フィッシュ100g","","20260721","1","良品","23","0","指定した業態に優先して取り置く","卸","","","","冷凍","","","","","","","","","","","","","","","","20250910"
"20250918","7","大阪","964","KIFU","001-026-07","980026","","【寄付】プチ_ポーク120g","","20260701","1","良品","3","0","指定した業態に優先して取り置く","卸","","","","冷凍","","","","","","","","","","","","","","","","20250524"
"20250918","7","大阪","964","KIFU","001-026-07","980037","","【寄付】ケア_早期腎臓サポート100g","","20260706","1","良品","16","0","指定した業態に優先して取り置く","卸","","","","冷凍","","","","","","","","","","","","","","","",""
"20250918","7","大阪","964","KIFU","001-026-08","980013","","【寄付】ココグルメ_チキン100g","","20260825","1","良品","17","0","指定した業態に優先して取り置く","卸","","","","冷凍","","","","","","","","","","","","","","","","20250910"
"20250918","7","大阪","964","KIFU","001-026-08","980013","","【寄付】ココグルメ_チキン100g","","20260824","1","良品","3","0","指定した業態に優先して取り置く","卸","","","","冷凍","","","","","","","","","","","","","","","","20250910"
"20250918","7","大阪","964","KIFU","001-026-08","980014","","【寄付】ココグルメ_ポーク100g","","20260827","1","良品","4","0","指定した業態に優先して取り置く","卸","","","","冷凍","","","","","","","","","","","","","","","","20250910"
"20250918","7","大阪","964","KIFU","001-026-08","980014","","【寄付】ココグルメ_ポーク100g","","20260822","1","良品","6","0","指定した業態に優先して取り置く","卸","","","","冷凍","","","","","","","","","","","","","","","","20250910"
"20250918","7","大阪","964","KIFU","001-026-08","980014","","【寄付】ココグルメ_ポーク100g","","20260826","1","良品","7","0","指定した業態に優先して取り置く","卸","","","","冷凍","","","","","","","","","","","","","","","","20250910"
"20250918","7","大阪","964","KIFU","001-026-08","980015","","【寄付】ココグルメ_フィッシュ100g","","20260801","1","良品","8","0","指定した業態に優先して取り置く","卸","","","","冷凍","","","","","","","","","","","","","","","","20250910"
"20250918","7","大阪","964","KIFU","001-026-08","980016","","【寄付】ココグルメ_ジビエ100g","","20260805","1","良品","1","0","指定した業態に優先して取り置く","卸","","","","冷凍","","","","","","","","","","","","","","","","20250910"
"20250918","7","大阪","964","KIFU","001-026-08","980037","","【寄付】ケア_早期腎臓サポート100g","","20260803","1","良品","17","0","指定した業態に優先して取り置く","卸","","","","冷凍","","","","","","","","","","","","","","","",""
"20250918","7","大阪","964","KIFU","001-026-08","980038","","【寄付】ケア_消化器サポート100g","","20260811","1","良品","12","0","指定した業態に優先して取り置く","卸","","","","冷凍","","","","","","","","","","","","","","","","20250220"
"20250918","7","大阪","964","KIFU","001-026-09","980013","","【寄付】ココグルメ_チキン100g","","20260909","1","良品","4","0","指定した業態に優先して取り置く","卸","","","","冷凍","","","","","","","","","","","","","","","","20250910"
"20250918","7","大阪","964","KIFU","001-026-09","980013","","【寄付】ココグルメ_チキン100g","","20260903","1","良品","28","0","指定した業態に優先して取り置く","卸","","","","冷凍","","","","","","","","","","","","","","","","20250910"
"20250918","7","大阪","964","KIFU","001-026-09","980013","","【寄付】ココグルメ_チキン100g","","20260913","1","良品","14","0","指定した業態に優先して取り置く","卸","","","","冷凍","","","","","","","","","","","","","","","","20250910"
"20250918","7","大阪","964","KIFU","001-026-09","980013","","【寄付】ココグルメ_チキン100g","","20260910","1","良品","1","0","指定した業態に優先して取り置く","卸","","","","冷凍","","","","","","","","","","","","","","","","20250910"
"20250918","7","大阪","964","KIFU","001-026-09","980013","","【寄付】ココグルメ_チキン100g","","20260915","1","良品","9","0","指定した業態に優先して取り置く","卸","","","","冷凍","","","","","","","","","","","","","","","","20250910"
"20250918","7","大阪","964","KIFU","001-026-09","980013","","【寄付】ココグルメ_チキン100g","","20260916","1","良品","22","0","指定した業態に優先して取り置く","卸","","","","冷凍","","","","","","","","","","","","","","","","20250910"
"20250918","7","大阪","964","KIFU","001-026-09","980014","","【寄付】ココグルメ_ポーク100g","","20260907","1","良品","11","0","指定した業態に優先して取り置く","卸","","","","冷凍","","","","","","","","","","","","","","","","20250910"
"20250918","7","大阪","964","KIFU","001-026-09","980014","","【寄付】ココグルメ_ポーク100g","","20260908","1","良品","33","0","指定した業態に優先して取り置く","卸","","","","冷凍","","","","","","","","","","","","","","","","20250910"
"20250918","7","大阪","964","KIFU","001-026-09","980014","","【寄付】ココグルメ_ポーク100g","","20260911","1","良品","1","0","指定した業態に優先して取り置く","卸","","","","冷凍","","","","","","","","","","","","","","","","20250910"
"20250918","7","大阪","964","KIFU","001-026-09","980015","","【寄付】ココグルメ_フィッシュ100g","","20260928","1","良品","17","0","指定した業態に優先して取り置く","卸","","","","冷凍","","","","","","","","","","","","","","","","20250910"
"20250918","7","大阪","964","KIFU","001-026-09","980015","","【寄付】ココグルメ_フィッシュ100g","","20260901","1","良品","2","0","指定した業態に優先して取り置く","卸","","","","冷凍","","","","","","","","","","","","","","","","20250910"
"20250918","7","大阪","964","KIFU","001-026-09","980015","","【寄付】ココグルメ_フィッシュ100g","","20260902","1","良品","30","0","指定した業態に優先して取り置く","卸","","","","冷凍","","","","","","","","","","","","","","","","20250910"
"20250918","7","大阪","964","KIFU","001-026-09","980015","","【寄付】ココグルメ_フィッシュ100g","","20260927","1","良品","1","0","指定した業態に優先して取り置く","卸","","","","冷凍","","","","","","","","","","","","","","","","20250910"
"20250918","7","大阪","964","KIFU","001-026-09","980015","","【寄付】ココグルメ_フィッシュ100g","","20260903","1","良品","9","0","指定した業態に優先して取り置く","卸","","","","冷凍","","","","","","","","","","","","","","","","20250910"
"20250918","7","大阪","964","KIFU","001-026-09","980015","","【寄付】ココグルメ_フィッシュ100g","","20260924","1","良品","8","0","指定した業態に優先して取り置く","卸","","","","冷凍","","","","","","","","","","","","","","","","20250910"
"20250918","7","大阪","964","KIFU","001-026-09","980015","","【寄付】ココグルメ_フィッシュ100g","","20260925","1","良品","8","0","指定した業態に優先して取り置く","卸","","","","冷凍","","","","","","","","","","","","","","","","20250910"
"20250918","7","大阪","964","KIFU","001-026-09","980015","","【寄付】ココグルメ_フィッシュ100g","","20260923","1","良品","1","0","指定した業態に優先して取り置く","卸","","","","冷凍","","","","","","","","","","","","","","","","20250910"
"20250918","7","大阪","964","KIFU","001-026-09","980016","","【寄付】ココグルメ_ジビエ100g","","20260921","1","良品","12","0","指定した業態に優先して取り置く","卸","","","","冷凍","","","","","","","","","","","","","","","","20250910"
"20250918","7","大阪","964","KIFU","001-026-09","980016","","【寄付】ココグルメ_ジビエ100g","","20260916","1","良品","20","0","指定した業態に優先して取り置く","卸","","","","冷凍","","","","","","","","","","","","","","","","20250910"
"20250918","7","大阪","964","KIFU","001-026-09","980016","","【寄付】ココグルメ_ジビエ100g","","20260915","1","良品","15","0","指定した業態に優先して取り置く","卸","","","","冷凍","","","","","","","","","","","","","","","","20250910"
"20250918","7","大阪","964","KIFU","001-026-09","980016","","【寄付】ココグルメ_ジビエ100g","","20260913","1","良品","4","0","指定した業態に優先して取り置く","卸","","","","冷凍","","","","","","","","","","","","","","","","20250910"
"20250918","7","大阪","964","KIFU","001-026-10","980013","","【寄付】ココグルメ_チキン100g","","20261027","1","良品","5","0","指定した業態に優先して取り置く","卸","","","","冷凍","","","","","","","","","","","","","","","","20250910"
"20250918","7","大阪","964","KIFU","001-026-10","980013","","【寄付】ココグルメ_チキン100g","","20261026","1","良品","28","0","指定した業態に優先して取り置く","卸","","","","冷凍","","","","","","","","","","","","","","","","20250910"
"20250918","7","大阪","964","KIFU","001-026-10","980013","","【寄付】ココグルメ_チキン100g","","20261013","1","良品","14","0","指定した業態に優先して取り置く","卸","","","","冷凍","","","","","","","","","","","","","","","","20250910"
"20250918","7","大阪","964","KIFU","001-026-10","980013","","【寄付】ココグルメ_チキン100g","","20261006","1","良品","19","0","指定した業態に優先して取り置く","卸","","","","冷凍","","","","","","","","","","","","","","","","20250910"
"20250918","7","大阪","964","KIFU","001-026-10","980013","","【寄付】ココグルメ_チキン100g","","20261007","1","良品","32","0","指定した業態に優先して取り置く","卸","","","","冷凍","","","","","","","","","","","","","","","","20250910"
"20250918","7","大阪","964","KIFU","001-026-10","980013","","【寄付】ココグルメ_チキン100g","","20261004","1","良品","18","0","指定した業態に優先して取り置く","卸","","","","冷凍","","","","","","","","","","","","","","","","20250910"
"20250918","7","大阪","964","KIFU","001-026-10","980013","","【寄付】ココグルメ_チキン100g","","20261012","1","良品","1","0","指定した業態に優先して取り置く","卸","","","","冷凍","","","","","","","","","","","","","","","","20250910"
"20250918","7","大阪","964","KIFU","001-026-10","980013","","【寄付】ココグルメ_チキン100g","","20261010","1","良品","24","0","指定した業態に優先して取り置く","卸","","","","冷凍","","","","","","","","","","","","","","","","20250910"
"20250918","7","大阪","964","KIFU","001-026-10","980013","","【寄付】ココグルメ_チキン100g","","20261028","1","良品","19","0","指定した業態に優先して取り置く","卸","","","","冷凍","","","","","","","","","","","","","","","","20250910"
"20250918","7","大阪","964","KIFU","001-026-10","980014","","【寄付】ココグルメ_ポーク100g","","20261006","1","良品","20","0","指定した業態に優先して取り置く","卸","","","","冷凍","","","","","","","","","","","","","","","","20250910"
"20250918","7","大阪","964","KIFU","001-026-10","980014","","【寄付】ココグルメ_ポーク100g","","20261013","1","良品","2","0","指定した業態に優先して取り置く","卸","","","","冷凍","","","","","","","","","","","","","","","","20250910"
"20250918","7","大阪","964","KIFU","001-026-10","980014","","【寄付】ココグルメ_ポーク100g","","20261008","1","良品","8","0","指定した業態に優先して取り置く","卸","","","","冷凍","","","","","","","","","","","","","","","","20250910"
"20250918","7","大阪","964","KIFU","001-026-10","980014","","【寄付】ココグルメ_ポーク100g","","20261010","1","良品","5","0","指定した業態に優先して取り置く","卸","","","","冷凍","","","","","","","","","","","","","","","","20250910"
"20250918","7","大阪","964","KIFU","001-026-10","980014","","【寄付】ココグルメ_ポーク100g","","20261004","1","良品","17","0","指定した業態に優先して取り置く","卸","","","","冷凍","","","","","","","","","","","","","","","","20250910"
"20250918","7","大阪","964","KIFU","001-026-10","980014","","【寄付】ココグルメ_ポーク100g","","20261005","1","良品","31","0","指定した業態に優先して取り置く","卸","","","","冷凍","","","","","","","","","","","","","","","","20250910"
"20250918","7","大阪","964","KIFU","001-026-10","980014","","【寄付】ココグルメ_ポーク100g","","20261007","1","良品","10","0","指定した業態に優先して取り置く","卸","","","","冷凍","","","","","","","","","","","","","","","","20250910"
"20250918","7","大阪","964","KIFU","001-026-10","980014","","【寄付】ココグルメ_ポーク100g","","20261011","1","良品","4","0","指定した業態に優先して取り置く","卸","","","","冷凍","","","","","","","","","","","","","","","","20250910"
"20250918","7","大阪","964","KIFU","001-026-10","980015","","【寄付】ココグルメ_フィッシュ100g","","20261029","1","良品","5","0","指定した業態に優先して取り置く","卸","","","","冷凍","","","","","","","","","","","","","","","","20250910"
"20250918","7","大阪","964","KIFU","001-026-10","980015","","【寄付】ココグルメ_フィッシュ100g","","20261028","1","良品","18","0","指定した業態に優先して取り置く","卸","","","","冷凍","","","","","","","","","","","","","","","","20250910"
"20250918","7","大阪","964","KIFU","001-026-10","980016","","【寄付】ココグルメ_ジビエ100g","","20261019","1","良品","4","0","指定した業態に優先して取り置く","卸","","","","冷凍","","","","","","","","","","","","","","","","20250910"
"20250918","7","大阪","964","KIFU","001-026-10","980016","","【寄付】ココグルメ_ジビエ100g","","20261018","1","良品","14","0","指定した業態に優先して取り置く","卸","","","","冷凍","","","","","","","","","","","","","","","","20250910"
"20250918","7","大阪","964","KIFU","001-026-10","980016","","【寄付】ココグルメ_ジビエ100g","","20261027","1","良品","2","0","指定した業態に優先して取り置く","卸","","","","冷凍","","","","","","","","","","","","","","","","20250910"
"20250918","7","大阪","964","KIFU","001-026-10","980016","","【寄付】ココグルメ_ジビエ100g","","20261020","1","良品","5","0","指定した業態に優先して取り置く","卸","","","","冷凍","","","","","","","","","","","","","","","","20250910"
"20250918","7","大阪","964","KIFU","001-026-10","980016","","【寄付】ココグルメ_ジビエ100g","","20261017","1","良品","21","0","指定した業態に優先して取り置く","卸","","","","冷凍","","","","","","","","","","","","","","","","20250910"
"20250918","7","大阪","964","KIFU","001-026-10","980037","","【寄付】ケア_早期腎臓サポート100g","","20261021","1","良品","1","0","指定した業態に優先して取り置く","卸","","","","冷凍","","","","","","","","","","","","","","","",""
"20250918","7","大阪","964","KIFU","001-026-11","980013","","【寄付】ココグルメ_チキン100g","","20261118","1","良品","20","0","指定した業態に優先して取り置く","卸","","","","冷凍","","","","","","","","","","","","","","","","20250910"
"20250918","7","大阪","964","KIFU","001-026-11","980013","","【寄付】ココグルメ_チキン100g","","20261125","1","良品","16","0","指定した業態に優先して取り置く","卸","","","","冷凍","","","","","","","","","","","","","","","","20250910"
"20250918","7","大阪","964","KIFU","001-026-11","980013","","【寄付】ココグルメ_チキン100g","","20261124","1","良品","8","0","指定した業態に優先して取り置く","卸","","","","冷凍","","","","","","","","","","","","","","","","20250910"
"20250918","7","大阪","964","KIFU","001-026-11","980013","","【寄付】ココグルメ_チキン100g","","20261102","1","良品","4","0","指定した業態に優先して取り置く","卸","","","","冷凍","","","","","","","","","","","","","","","","20250910"
"20250918","7","大阪","964","KIFU","001-026-11","980013","","【寄付】ココグルメ_チキン100g","","20261116","1","良品","6","0","指定した業態に優先して取り置く","卸","","","","冷凍","","","","","","","","","","","","","","","","20250910"
"20250918","7","大阪","964","KIFU","001-026-11","980013","","【寄付】ココグルメ_チキン100g","","20261119","1","良品","5","0","指定した業態に優先して取り置く","卸","","","","冷凍","","","","","","","","","","","","","","","","20250910"
"20250918","7","大阪","964","KIFU","001-026-11","980013","","【寄付】ココグルメ_チキン100g","","20261115","1","良品","23","0","指定した業態に優先して取り置く","卸","","","","冷凍","","","","","","","","","","","","","","","","20250910"
"20250918","7","大阪","964","KIFU","001-026-11","980014","","【寄付】ココグルメ_ポーク100g","","20261104","1","良品","5","0","指定した業態に優先して取り置く","卸","","","","冷凍","","","","","","","","","","","","","","","","20250910"
"20250918","7","大阪","964","KIFU","001-026-11","980014","","【寄付】ココグルメ_ポーク100g","","20261105","1","良品","17","0","指定した業態に優先して取り置く","卸","","","","冷凍","","","","","","","","","","","","","","","","20250910"
"20250918","7","大阪","964","KIFU","001-026-11","980014","","【寄付】ココグルメ_ポーク100g","","20261113","1","良品","12","0","指定した業態に優先して取り置く","卸","","","","冷凍","","","","","","","","","","","","","","","","20250910"
"20250918","7","大阪","964","KIFU","001-026-11","980014","","【寄付】ココグルメ_ポーク100g","","20261103","1","良品","4","0","指定した業態に優先して取り置く","卸","","","","冷凍","","","","","","","","","","","","","","","","20250910"
"20250918","7","大阪","964","KIFU","001-026-11","980014","","【寄付】ココグルメ_ポーク100g","","20261115","1","良品","9","0","指定した業態に優先して取り置く","卸","","","","冷凍","","","","","","","","","","","","","","","","20250910"
"20250918","7","大阪","964","KIFU","001-026-11","980014","","【寄付】ココグルメ_ポーク100g","","20261112","1","良品","4","0","指定した業態に優先して取り置く","卸","","","","冷凍","","","","","","","","","","","","","","","","20250910"
"20250918","7","大阪","964","KIFU","001-026-11","980014","","【寄付】ココグルメ_ポーク100g","","20261116","1","良品","12","0","指定した業態に優先して取り置く","卸","","","","冷凍","","","","","","","","","","","","","","","","20250910"
"20250918","7","大阪","964","KIFU","001-026-11","980014","","【寄付】ココグルメ_ポーク100g","","20261118","1","良品","4","0","指定した業態に優先して取り置く","卸","","","","冷凍","","","","","","","","","","","","","","","","20250910"
"20250918","7","大阪","964","KIFU","001-026-11","980015","","【寄付】ココグルメ_フィッシュ100g","","20261126","1","良品","20","0","指定した業態に優先して取り置く","卸","","","","冷凍","","","","","","","","","","","","","","","","20250910"
"20250918","7","大阪","964","KIFU","001-026-11","980015","","【寄付】ココグルメ_フィッシュ100g","","20261127","1","良品","9","0","指定した業態に優先して取り置く","卸","","","","冷凍","","","","","","","","","","","","","","","","20250910"
"20250918","7","大阪","964","KIFU","001-026-11","980015","","【寄付】ココグルメ_フィッシュ100g","","20261125","1","良品","7","0","指定した業態に優先して取り置く","卸","","","","冷凍","","","","","","","","","","","","","","","","20250910"
"20250918","7","大阪","964","KIFU","001-026-11","980015","","【寄付】ココグルメ_フィッシュ100g","","20261101","1","良品","16","0","指定した業態に優先して取り置く","卸","","","","冷凍","","","","","","","","","","","","","","","","20250910"
"20250918","7","大阪","964","KIFU","001-026-11","980015","","【寄付】ココグルメ_フィッシュ100g","","20261124","1","良品","6","0","指定した業態に優先して取り置く","卸","","","","冷凍","","","","","","","","","","","","","","","","20250910"
"20250918","7","大阪","964","KIFU","001-026-11","980016","","【寄付】ココグルメ_ジビエ100g","","20261120","1","良品","17","0","指定した業態に優先して取り置く","卸","","","","冷凍","","","","","","","","","","","","","","","","20250910"
"20250918","7","大阪","964","KIFU","001-026-11","980016","","【寄付】ココグルメ_ジビエ100g","","20261122","1","良品","4","0","指定した業態に優先して取り置く","卸","","","","冷凍","","","","","","","","","","","","","","","","20250910"
"20250918","7","大阪","964","KIFU","001-026-11","980016","","【寄付】ココグルメ_ジビエ100g","","20261119","1","良品","10","0","指定した業態に優先して取り置く","卸","","","","冷凍","","","","","","","","","","","","","","","","20250910"
"20250918","7","大阪","964","KIFU","001-026-11","980037","","【寄付】ケア_早期腎臓サポート100g","","20261112","1","良品","10","0","指定した業態に優先して取り置く","卸","","","","冷凍","","","","","","","","","","","","","","","",""
"20250918","7","大阪","964","KIFU","001-026-11","980038","","【寄付】ケア_消化器サポート100g","","20261110","1","良品","1","0","指定した業態に優先して取り置く","卸","","","","冷凍","","","","","","","","","","","","","","","","20250220"
"20250918","7","大阪","964","KIFU","001-026-12","980013","","【寄付】ココグルメ_チキン100g","","20261201","1","良品","27","0","指定した業態に優先して取り置く","卸","","","","冷凍","","","","","","","","","","","","","","","","20250910"
"20250918","7","大阪","964","KIFU","001-026-12","980013","","【寄付】ココグルメ_チキン100g","","20261216","1","良品","1","0","指定した業態に優先して取り置く","卸","","","","冷凍","","","","","","","","","","","","","","","","20250910"
"20250918","7","大阪","964","KIFU","001-026-12","980013","","【寄付】ココグルメ_チキン100g","","20261208","1","良品","6","0","指定した業態に優先して取り置く","卸","","","","冷凍","","","","","","","","","","","","","","","","20250910"
"20250918","7","大阪","964","KIFU","001-026-12","980013","","【寄付】ココグルメ_チキン100g","","20261202","1","良品","1","0","指定した業態に優先して取り置く","卸","","","","冷凍","","","","","","","","","","","","","","","","20250910"
"20250918","7","大阪","964","KIFU","001-026-12","980013","","【寄付】ココグルメ_チキン100g","","20261207","1","良品","9","0","指定した業態に優先して取り置く","卸","","","","冷凍","","","","","","","","","","","","","","","","20250910"
"20250918","7","大阪","964","KIFU","001-026-12","980013","","【寄付】ココグルメ_チキン100g","","20261215","1","良品","8","0","指定した業態に優先して取り置く","卸","","","","冷凍","","","","","","","","","","","","","","","","20250910"
"20250918","7","大阪","964","KIFU","001-026-12","980014","","【寄付】ココグルメ_ポーク100g","","20261201","1","良品","10","0","指定した業態に優先して取り置く","卸","","","","冷凍","","","","","","","","","","","","","","","","20250910"
"20250918","7","大阪","964","KIFU","001-026-12","980014","","【寄付】ココグルメ_ポーク100g","","20261206","1","良品","14","0","指定した業態に優先して取り置く","卸","","","","冷凍","","","","","","","","","","","","","","","","20250910"
"20250918","7","大阪","964","KIFU","001-026-12","980014","","【寄付】ココグルメ_ポーク100g","","20261203","1","良品","9","0","指定した業態に優先して取り置く","卸","","","","冷凍","","","","","","","","","","","","","","","","20250910"
"20250918","7","大阪","964","KIFU","001-026-12","980014","","【寄付】ココグルメ_ポーク100g","","20261202","1","良品","1","0","指定した業態に優先して取り置く","卸","","","","冷凍","","","","","","","","","","","","","","","","20250910"
"20250918","7","大阪","964","KIFU","001-026-12","980016","","【寄付】ココグルメ_ジビエ100g","","20261215","1","良品","10","0","指定した業態に優先して取り置く","卸","","","","冷凍","","","","","","","","","","","","","","","","20250910"
"20250918","7","大阪","964","KIFU","001-026-12","980016","","【寄付】ココグルメ_ジビエ100g","","20261212","1","良品","14","0","指定した業態に優先して取り置く","卸","","","","冷凍","","","","","","","","","","","","","","","","20250910"
"20250918","7","大阪","964","KIFU","001-026-12","980016","","【寄付】ココグルメ_ジビエ100g","","20261216","1","良品","9","0","指定した業態に優先して取り置く","卸","","","","冷凍","","","","","","","","","","","","","","","","20250910"
"20250918","7","大阪","901","ZZZ","ZZZ-ZZZ-ZZ","790002","","オリジナルフードクリップ（冷凍）","***","29991231","1","良品","998647","0","指定した業態に優先して取り置く","卸","","","","冷凍","","","","","","","","","","","","","","","20240731","20241118"
"20250918","7","大阪","901","ZZZ","ZZZ-ZZZ-ZZ","90001","","返送用着払い伝票(冷凍)","","","1","良品","1099770","0","指定した業態に優先して取り置く","卸","","","","冷凍","","","","","","","","","","","","","","","20241202","20250830"
"20250918","7","大阪","901","ZZZ","ZZZ-ZZZ-ZZ","90002","","返送用着払い伝票(常温)","","","1","良品","999987","0","指定した業態に優先して取り置く","卸","","","","レトルト","","","","","","","","","","","","","","","20241202","20250905"
"20250918","7","大阪","901","ZZZ","ZZZ-ZZZ-ZZ","A006","","ミャオ広告 お試し(冷凍)","","","1","良品","989773","0","指定した業態に優先して取り置く","卸","","","","広告","","広告種別","","","","","","","","","","","","","20240509","20250916"
"20250918","7","大阪","901","ZZZ","ZZZ-ZZZ-ZZ","A007","","ミャオ広告 定期(冷凍)","","","1","良品","988919","0","指定した業態に優先して取り置く","卸","","","","広告","","広告種別","","","","","","","","","","","","","20240509","20250917"
"20250918","7","大阪","901","ZZZ","ZZZ-ZZZ-ZZ","A011","","ココ広告 お試し","","","1","良品","935344","69","指定した業態に優先して取り置く","卸","","","","広告","","広告種別","","","","","","","","","","","","","20231124","20250917"
"20250918","7","大阪","901","ZZZ","ZZZ-ZZZ-ZZ","A012","","ココ広告 定期","","","1","良品","684795","462","指定した業態に優先して取り置く","卸","","","","広告","","広告種別","","","","","","","","","","","","","20231124","20250917"
"20250918","7","大阪","901","ZZZ","ZZZ-ZZZ-ZZ","A013","","ココ広告 プチ定期","","","1","良品","999575","0","指定した業態に優先して取り置く","卸","","","","広告","","広告種別","","","","","","","","","","","","","20231124","20231214"
"20250918","7","大阪","901","ZZZ","ZZZ-ZZZ-ZZ","A014","","ココ広告 レトルトお試し","","","1","良品","995232","22","指定した業態に優先して取り置く","卸","","","","広告","","広告種別","","","","","","","","","","","","","20231124","20250917"
"20250918","7","大阪","901","ZZZ","ZZZ-ZZZ-ZZ","A015","","ココ広告 レトルト定期","","","1","良品","921583","163","指定した業態に優先して取り置く","卸","","","","広告","","広告種別","","","","","","","","","","","","","20231124","20250917"
"20250918","7","大阪","901","ZZZ","ZZZ-ZZZ-ZZ","A016","","ココ広告 プチ定期","","","1","良品","971005","48","指定した業態に優先して取り置く","卸","","","","広告","","広告種別","","","","","","","","","","","","","20231124","20250917"
"20250918","7","大阪","901","ZZZ","ZZZ-ZZZ-ZZ","A017","","ココ広告 モール用お試し","","","1","良品","998177","0","指定した業態に優先して取り置く","卸","","","","広告","","広告種別","","","","","","","","","","","","","20231129","20241216"
"20250918","7","大阪","901","ZZZ","ZZZ-ZZZ-ZZ","A019","","ココレトルト FBA","","","1","良品","987145","1930","指定した業態に優先して取り置く","卸","","","","広告","","広告種別","","","","","","","","","","","","","20240307","20250917"
"20250918","7","大阪","901","ZZZ","ZZZ-ZZZ-ZZ","A020","","ココ鹿皮ガムお試し","","","1","良品","986391","13","指定した業態に優先して取り置く","卸","","","","広告","","広告種別","","","","","","","","","","","","","20240322","20250917"
"20250918","7","大阪","901","ZZZ","ZZZ-ZZZ-ZZ","A021","","ココレトルト中国語お試し","","","1","良品","989123","0","指定した業態に優先して取り置く","卸","","","","広告","","広告種別","","","","","","","","","","","","","20240325","20241122"
"20250918","7","大阪","901","ZZZ","ZZZ-ZZZ-ZZ","A022","","ココレトルトお出かけセット2024","","","1","良品","899979","0","指定した業態に優先して取り置く","卸","","","","広告","","広告種別","","","","","","","","","","","","","20240404","20241008"
"20250918","7","大阪","901","ZZZ","ZZZ-ZZZ-ZZ","A023","","PAW交換景品・フードクリップ","","","1","良品","990000","0","指定した業態に優先して取り置く","卸","","","","広告","","広告種別","","","","","","","","","","","","","20240418",""
"20250918","7","大阪","901","ZZZ","ZZZ-ZZZ-ZZ","A024","","ミャオ広告・ピュア お試し(冷凍)","","","1","良品","990000","0","指定した業態に優先して取り置く","卸","","","","広告","","広告種別","","","","","","","","","","","","","20240418",""
"20250918","7","大阪","901","ZZZ","ZZZ-ZZZ-ZZ","A025","","ミャオ広告・ピュア 定期(冷凍)","","","1","良品","990000","0","指定した業態に優先して取り置く","卸","","","","広告","","広告種別","","","","","","","","","","","","","20240418",""
"20250918","7","大阪","901","ZZZ","ZZZ-ZZZ-ZZ","A026","","ミャオ広告・レトルト お試し(常温)","","","1","良品","988683","1","指定した業態に優先して取り置く","卸","","","","広告","","広告種別","","","","","","","","","","","","","20240418","20250908"
"20250918","7","大阪","901","ZZZ","ZZZ-ZZZ-ZZ","A027","","ミャオ広告・レトルト 定期(常温)","","","1","良品","988580","2","指定した業態に優先して取り置く","卸","","","","広告","","広告種別","","","","","","","","","","","","","20240418","20250913"
"20250918","7","大阪","901","ZZZ","ZZZ-ZZZ-ZZ","A028","","ケア定期(腎臓ケア)","","","1","良品","999999","0","指定した業態に優先して取り置く","卸","","","","広告","","広告種別","","","","","","","","","","","","","20250812",""
"20250918","7","大阪","901","ZZZ","ZZZ-ZZZ-ZZ","A029","","ケア定期(消化器ケア)","","","1","良品","1999993","0","指定した業態に優先して取り置く","卸","","","","広告","","広告種別","","","","","","","","","","","","","20250812","20250813"
"20250918","7","大阪","901","ZZZ","ZZZ-ZZZ-ZZ","A030","","ケア定期(スキンケア)","","","1","良品","999999","0","指定した業態に優先して取り置く","卸","","","","広告","","広告種別","","","","","","","","","","","","","20250812",""
"20250918","7","大阪","901","ZZZ","ZZZ-ZZZ-ZZ","A031","","ケアお試し(腎臓ケア)","","","1","良品","999999","0","指定した業態に優先して取り置く","卸","","","","広告","","広告種別","","","","","","","","","","","","","20250812",""
"20250918","7","大阪","901","ZZZ","ZZZ-ZZZ-ZZ","A032","","ケアお試し(消化器ケア)","","","1","良品","999997","0","指定した業態に優先して取り置く","卸","","","","広告","","広告種別","","","","","","","","","","","","","20250812","20250813"
"20250918","7","大阪","901","ZZZ","ZZZ-ZZZ-ZZ","A034","","楽天1,000円OFFクーポン(冷凍)","","","1","良品","998248","5","指定した業態に優先して取り置く","卸","","","","広告","","広告種別","","","","","","","","","","","","","20241212","20250917"
"20250918","7","大阪","901","ZZZ","ZZZ-ZZZ-ZZ","A035","","楽天1,000円OFFクーポン(常温)","","","1","良品","9999999","0","指定した業態に優先して取り置く","卸","","","","広告","","広告種別","","","","","","","","","","","","","20250217",""
"20250918","7","大阪","901","ZZZ","ZZZ-ZZZ-ZZ","A036","","ミャオレトルト メニュー表","","","1","良品","999419","160","指定した業態に優先して取り置く","卸","","","","広告","","広告種別","","","","","","","","","","","","","","20250916"
"20250918","7","大阪","901","ZZZ","ZZZ-ZZZ-ZZ","A038","","ココグルメスペシャルホリデーセット2024","","","1","良品","999000","0","指定した業態に優先して取り置く","卸","","","","広告","","広告種別","","","","","","","","","","","","","20241212",""
"20250918","7","大阪","901","ZZZ","ZZZ-ZZZ-ZZ","A039","","にゃっち共通","","","1","良品","1996577","0","指定した業態に優先して取り置く","卸","","","","広告","","広告種別","","","","","","","","","","","","","20241212","20250314"
"20250918","7","大阪","901","ZZZ","ZZZ-ZZZ-ZZ","A040","","【モール】ココグルメ","","","1","良品","994886","6","指定した業態に優先して取り置く","卸","","","","広告","","広告種別","","","","","","","","","","","","","20241212","20250917"
"20250918","7","大阪","901","ZZZ","ZZZ-ZZZ-ZZ","A041","","【モール】腎臓ケア","","","1","良品","9999999","0","指定した業態に優先して取り置く","卸","","","","広告","","広告種別","","","","","","","","","","","","","20250217",""
"20250918","7","大阪","901","ZZZ","ZZZ-ZZZ-ZZ","A042","","【モール】消化器ケア","","","1","良品","9999999","0","指定した業態に優先して取り置く","卸","","","","広告","","広告種別","","","","","","","","","","","","","20250217",""
"20250918","7","大阪","901","ZZZ","ZZZ-ZZZ-ZZ","A043","","【モール】スキンケア","","","1","良品","9999999","0","指定した業態に優先して取り置く","卸","","","","広告","","広告種別","","","","","","","","","","","","","20250217",""
"20250918","7","大阪","901","ZZZ","ZZZ-ZZZ-ZZ","A044","","香港ココグルメ　レトルト（＆YAICHIレトルト）","","","1","良品","9999996","0","指定した業態に優先して取り置く","卸","","","","広告","","広告種別","","","","","","","","","","","","","20250217","20250531"
"20250918","7","大阪","901","ZZZ","ZZZ-ZZZ-ZZ","A045","","コストコ用","","","1","良品","9999999","0","指定した業態に優先して取り置く","卸","","","","広告","","広告種別","","","","","","","","","","","","","20250217",""
"20250918","7","大阪","901","ZZZ","ZZZ-ZZZ-ZZ","A046","","【モール】にゃっち","","","1","良品","9991458","1783","指定した業態に優先して取り置く","卸","","","","広告","","広告種別","","","","","","","","","","","","","20250217","20250917"
"20250918","7","大阪","901","ZZZ","ZZZ-ZZZ-ZZ","A047","","年齢別オンボーディング冊子(パピー)冷凍","","","1","良品","9999871","0","指定した業態に優先して取り置く","卸","","","","広告","","広告種別","","","","","","","","","","","","","20250217","20250430"
"20250918","7","大阪","901","ZZZ","ZZZ-ZZZ-ZZ","A048","","年齢別オンボーディング冊子(成犬)冷凍","","","1","良品","9999570","0","指定した業態に優先して取り置く","卸","","","","広告","","広告種別","","","","","","","","","","","","","20250217","20250430"
"20250918","7","大阪","901","ZZZ","ZZZ-ZZZ-ZZ","A049","","年齢別オンボーディング冊子(シニア)冷凍","","","1","良品","9999355","0","指定した業態に優先して取り置く","卸","","","","広告","","広告種別","","","","","","","","","","","","","20250217","20250430"
"20250918","7","大阪","901","ZZZ","ZZZ-ZZZ-ZZ","A050","","にゃっち_お試し用","","","1","良品","9992020","29","指定した業態に優先して取り置く","卸","","","","広告","","広告種別","","","","","","","","","","","","","20250225","20250917"
"20250918","7","大阪","901","ZZZ","ZZZ-ZZZ-ZZ","A051","","にゃっち_定期＆単品用","","","1","良品","994428","54","指定した業態に優先して取り置く","卸","","","","広告","","広告種別","","","","","","","","","","","","","20250228","20250917"
"20250918","7","大阪","901","ZZZ","ZZZ-ZZZ-ZZ","A052","","【楽天】にゃっち","","","1","良品","1998622","3","指定した業態に優先して取り置く","卸","","","","広告","","広告種別","","","","","","","","","","","","","20250414","20250917"
"20250918","7","大阪","901","ZZZ","ZZZ-ZZZ-ZZ","A053","","【モール】プチ","","","1","良品","9998795","5","指定した業態に優先して取り置く","卸","","","","広告","","広告種別","","","","","","","","","","","","","20250326","20250917"
"20250918","7","大阪","901","ZZZ","ZZZ-ZZZ-ZZ","A054","","チキン＆さわら(単品16袋・4袋)","","","1","良品","1999876","0","指定した業態に優先して取り置く","卸","","","","広告","","広告種別","","","","","","","","","","","","","20250417","20250904"
"20250918","7","大阪","901","ZZZ","ZZZ-ZZZ-ZZ","A055","","チキン＆さわら(定期＋2袋)","","","1","良品","998624","0","指定した業態に優先して取り置く","卸","","","","広告","","広告種別","","","","","","","","","","","","","20250417","20250731"
"20250918","7","大阪","901","ZZZ","ZZZ-ZZZ-ZZ","A056","","年齢別オンボーディング:全年代共通","","","1","良品","1999409","0","指定した業態に優先して取り置く","卸","","","","広告","","広告種別","","","","","","","","","","","","","20250417","20250624"
"20250918","7","大阪","901","ZZZ","ZZZ-ZZZ-ZZ","A057","","納豆FD","","","1","良品","997714","3","指定した業態に優先して取り置く","卸","","","","広告","","広告種別","","","","","","","","","","","","","20250417","20250913"
"20250918","7","大阪","901","ZZZ","ZZZ-ZZZ-ZZ","A058","","6周年限定セット","","","1","良品","999511","0","指定した業態に優先して取り置く","卸","","","","広告","","広告種別","","","","","","","","","","","","","20250707","20250816"
"20250918","7","大阪","901","ZZZ","ZZZ-ZZZ-ZZ","A059","","ココグルメおもちゃ_ポーク(6th限定セット)","","","1","良品","999511","0","指定した業態に優先して取り置く","卸","","","","広告","","広告種別","","","","","","","","","","","","","20250707","20250816"
"20250918","7","大阪","901","ZZZ","ZZZ-ZZZ-ZZ","A060","","おもちゃ缶(6th限定セット)","","","1","良品","999500","0","指定した業態に優先して取り置く","卸","","","","広告","","広告種別","","","","","","","","","","","","","20250707","20250816"
"20250918","7","大阪","901","ZZZ","ZZZ-ZZZ-ZZ","A061","","米粉のはなびらクッキー(6th限定セット)","","","1","良品","999500","0","指定した業態に優先して取り置く","卸","","","","広告","","広告種別","","","","","","","","","","","","","20250707","20250816"
"20250918","7","大阪","901","ZZZ","ZZZ-ZZZ-ZZ","A062","","米粉の海アソートクッキー(6th限定セット)","","","1","良品","999500","0","指定した業態に優先して取り置く","卸","","","","広告","","広告種別","","","","","","","","","","","","","20250707","20250816"
"20250918","7","大阪","901","ZZZ","ZZZ-ZZZ-ZZ","A063","","ココグルメおもちゃ_チキン(6th限定セット)","","","1","良品","88","0","指定した業態に優先して取り置く","卸","","","","広告","","広告種別","","","","","","","","","","","","","20250724","20250728"
"20250918","7","大阪","901","ZZZ","ZZZ-ZZZ-ZZ","A064","","ココグルメ・ドライ お試し用","","","1","良品","999626","86","指定した業態に優先して取り置く","卸","","","","広告","","広告種別","","","","","","","","","","","","","20250804","20250917"
"20250918","7","大阪","901","ZZZ","ZZZ-ZZZ-ZZ","A065","","国産野菜のFD 単品用","","","1","良品","999185","3","指定した業態に優先して取り置く","卸","","","","広告","","広告種別","","","","","","","","","","","","","20250717","20250917"
"20250918","7","大阪","901","ZZZ","ZZZ-ZZZ-ZZ","A066","","ココグルメ・ドライ 定期用","","","1","良品","999891","11","指定した業態に優先して取り置く","卸","","","","広告","","広告種別","","","","","","","","","","","","","20250804","20250917"
"20250918","7","大阪","901","ZZZ","ZZZ-ZZZ-ZZ","A069","","ビーフ＆スイートポテト(単品16袋・4袋)","","","1","良品","9999999","0","指定した業態に優先して取り置く","卸","","","","広告","","広告種別","","","","","","","","","","","","","20250904",""
"20250918","7","大阪","901","ZZZ","ZZZ-ZZZ-ZZ","A070","","ビーフ＆スイートポテト(定期＋2袋)","","","1","良品","9999999","0","指定した業態に優先して取り置く","卸","","","","広告","","広告種別","","","","","","","","","","","","","20250904",""
"20250918","7","大阪","901","ZZZ","ZZZ-ZZZ-ZZ","A101","","ココ広告 101","","","1","良品","999919","0","指定した業態に優先して取り置く","卸","","","","広告","","広告種別","","","","","","","","","","","","","20231124","20240509"
"20250918","7","大阪","901","ZZZ","ZZZ-ZZZ-ZZ","A102","","ココ広告 102","","","1","良品","999801","0","指定した業態に優先して取り置く","卸","","","","広告","","広告種別","","","","","","","","","","","","","20231124","20240509"
"20250918","7","大阪","901","ZZZ","ZZZ-ZZZ-ZZ","A201","","ギフトカード ありがとう(冷凍)","","","1","良品","999990","0","指定した業態に優先して取り置く","卸","","","","広告","","","","","","","","","","","","","","","20240122","20240222"
"20250918","7","大阪","901","ZZZ","ZZZ-ZZZ-ZZ","A202","","ギフトカード 誕生日(冷凍)","","","1","良品","999993","0","指定した業態に優先して取り置く","卸","","","","広告","","","","","","","","","","","","","","","20240122","20240224"
"20250918","7","大阪","901","ZZZ","ZZZ-ZZZ-ZZ","A203","","ギフトカード バレンタイン(冷凍)","","","1","良品","999993","0","指定した業態に優先して取り置く","卸","","","","広告","","","","","","","","","","","","","","","20240122","20240210"
"20250918","7","大阪","901","ZZZ","ZZZ-ZZZ-ZZ","A204","","ギフトカード ありがとう(常温)","","","1","良品","999918","0","指定した業態に優先して取り置く","卸","","","","広告","","","","","","","","","","","","","","","20240122","20250312"
"20250918","7","大阪","901","ZZZ","ZZZ-ZZZ-ZZ","A205","","ギフトカード 誕生日(常温)","","","1","良品","999954","0","指定した業態に優先して取り置く","卸","","","","広告","","","","","","","","","","","","","","","20240122","20241121"
"20250918","7","大阪","901","ZZZ","ZZZ-ZZZ-ZZ","A206","","ギフトカード バレンタイン(常温)","","","1","良品","999978","0","指定した業態に優先して取り置く","卸","","","","広告","","","","","","","","","","","","","","","20240122","20240215"
"20250918","7","大阪","901","ZZZ","ZZZ-ZZZ-ZZ","A301","","バレンタイン2024・保冷バッグ(冷凍)","","","1","良品","999987","0","指定した業態に優先して取り置く","卸","","","","広告","","","","","","","","","","","","","","","20240125","20240224"
"20250918","7","大阪","901","ZZZ","ZZZ-ZZZ-ZZ","A302","","バレンタイン2024・保冷バッグ(常温)","","","1","良品","999955","0","指定した業態に優先して取り置く","卸","","","","広告","","","","","","","","","","","","","","","20240125","20240220"
"20250918","7","大阪","901","ZZZ","ZZZ-ZZZ-ZZ","A303","","お出かけセット2024・保冷バッグ(常温)","","","1","良品","899979","0","指定した業態に優先して取り置く","卸","","","","広告","","","","","","","","","","","","","","","20240404","20241008"
"20250918","7","大阪","901","ZZZ","ZZZ-ZZZ-ZZ","A304","","お出かけセット2024・ジップロック(常温)","","","1","良品","899979","0","指定した業態に優先して取り置く","卸","","","","広告","","","","","","","","","","","","","","","20240404","20241008"
"20250918","7","大阪","901","ZZZ","ZZZ-ZZZ-ZZ","A901","","謝罪文・2024年5月(冷凍)","","","1","良品","978354","0","指定した業態に優先して取り置く","卸","","","","広告","","","","","","","","","","","","","","","20240612","20240830"
"20250918","7","大阪","901","ZZZ","ZZZ-ZZZ-ZZ","A902","","謝罪文・2024年5月(常温)","","","1","良品","987736","0","指定した業態に優先して取り置く","卸","","","","広告","","","","","","","","","","","","","","","20240612","20240830"
"20250918","7","大阪","901","ZZZ","ZZZ-ZZZ-ZZ","A904","","誕生日カード(冷凍)","","","1","良品","997678","0","指定した業態に優先して取り置く","卸","","","","広告","","","","","","","","","","","","","","","20240927","20250131"
"20250918","7","大阪","901","ZZZ","ZZZ-ZZZ-ZZ","A905","","誕生日カード(常温)","","","1","良品","998776","0","指定した業態に優先して取り置く","卸","","","","広告","","","","","","","","","","","","","","","20240927","20250131"
"20250918","7","大阪","901","ZZZ","ZZZ-ZZZ-ZZ","A906","","F1-3引き上げチラシ(冷凍)","","","1","良品","999196","0","指定した業態に優先して取り置く","卸","","","","広告","","","","","","","","","","","","","","","20241017","20241207"
"20250918","7","大阪","901","ZZZ","ZZZ-ZZZ-ZZ","A907","","F1-3引き上げチラシ(常温)","","","1","良品","999824","0","指定した業態に優先して取り置く","卸","","","","広告","","","","","","","","","","","","","","","20241017","20241113"
"20250918","7","大阪","901","ZZZ","ZZZ-ZZZ-ZZ","B001","","ココお試し箱","","","1","良品","930989","75","指定した業態に優先して取り置く","卸","","","","箱","","箱種別","","","","","","","","","","","","","20231124","20250917"
"20250918","7","大阪","901","ZZZ","ZZZ-ZZZ-ZZ","B002","","ココ定期箱","","","1","良品","677046","520","指定した業態に優先して取り置く","卸","","","","箱","","箱種別","","","","","","","","","","","","","20231124","20250917"
"20250918","7","大阪","901","ZZZ","ZZZ-ZZZ-ZZ","B003","","ココプチ箱","","","1","良品","972414","0","指定した業態に優先して取り置く","卸","","","","箱","","箱種別","","","","","","","","","","","","","20231124","20250816"
"20250918","7","大阪","901","ZZZ","ZZZ-ZZZ-ZZ","B004","","ミャオ定期箱(冷凍)","","","1","良品","998413","0","指定した業態に優先して取り置く","卸","","","","箱","","箱種別","","","","","","","","","","","","","20231124","20250917"
"20250918","7","大阪","901","ZZZ","ZZZ-ZZZ-ZZ","B005","","ネコポス(大)(お試し50g 4袋/100g 4袋)","","","1","良品","985274","795","指定した業態に優先して取り置く","卸","","","","箱","","箱種別","","","","","","","","","","","","","20231124","20250917"
"20250918","7","大阪","901","ZZZ","ZZZ-ZZZ-ZZ","B006","","ネコポス(大)(定期50g 12袋/100g 8袋)","","","1","良品","918166","586","指定した業態に優先して取り置く","卸","","","","箱","","箱種別","","","","","","","","","","","","","20231124","20250917"
"20250918","7","大阪","901","ZZZ","ZZZ-ZZZ-ZZ","B007","","ギフトボックス(本体・冷凍)","","","1","良品","999978","0","指定した業態に優先して取り置く","卸","","","","箱","","箱種別","","","","","","","","","","","","","20240122","20240224"
"20250918","7","大阪","901","ZZZ","ZZZ-ZZZ-ZZ","B008","","ギフトボックス(外装・冷凍)","","","1","良品","999987","0","指定した業態に優先して取り置く","卸","","","","箱","","箱種別","","","","","","","","","","","","","20240122","20240224"
"20250918","7","大阪","901","ZZZ","ZZZ-ZZZ-ZZ","B009","","ギフトボックス(本体・常温)","","","1","良品","999852","0","指定した業態に優先して取り置く","卸","","","","箱","","箱種別","","","","","","","","","","","","","20240122","20250312"
"20250918","7","大阪","901","ZZZ","ZZZ-ZZZ-ZZ","B010","","ギフトボックス(外装・常温)","","","1","良品","999955","0","指定した業態に優先して取り置く","卸","","","","箱","","箱種別","","","","","","","","","","","","","20240122","20240220"
"20250918","7","大阪","901","ZZZ","ZZZ-ZZZ-ZZ","B011","","ココお試し箱(常温)","","","1","良品","989730","0","指定した業態に優先して取り置く","卸","","","","箱","","箱種別","","","","","","","","","","","","","20240418","20241008"
"20250918","7","大阪","901","ZZZ","ZZZ-ZZZ-ZZ","B012","","ココ定期箱(常温)","","","1","良品","990000","0","指定した業態に優先して取り置く","卸","","","","箱","","箱種別","","","","","","","","","","","","","20240418",""
"20250918","7","大阪","901","ZZZ","ZZZ-ZZZ-ZZ","B013","","ミャオ定期箱(常温)","","","1","良品","987663","3","指定した業態に優先して取り置く","卸","","","","箱","","箱種別","","","","","","","","","","","","","20240509","20250913"
"20250918","7","大阪","901","ZZZ","ZZZ-ZZZ-ZZ","B014","","ネコポス(大)レトルトお試し","","","1","良品","999419","160","指定した業態に優先して取り置く","卸","","","","箱","","箱種別","","","","","","","","","","","","","","20250916"
"20250918","7","大阪","901","ZZZ","ZZZ-ZZZ-ZZ","B015","","ネコポス箱(小)(レトルト50g100g1-2袋)","","","1","良品","989953","836","指定した業態に優先して取り置く","卸","","","","箱","","箱種別","","","","","","","","","","","","","20241129","20250917"
"20250918","7","大阪","901","ZZZ","ZZZ-ZZZ-ZZ","B016","","大入箱(冷凍)","","","1","良品","999999","0","指定した業態に優先して取り置く","卸","","","","箱","","箱種別","","","","","","","","","","","","","20241202",""
"20250918","7","大阪","901","ZZZ","ZZZ-ZZZ-ZZ","B017","","大入箱(常温)","","","1","良品","999999","0","指定した業態に優先して取り置く","卸","","","","箱","","箱種別","","","","","","","","","","","","","20241202",""
"20250918","7","大阪","901","ZZZ","ZZZ-ZZZ-ZZ","B019","","FBA OPP袋","","","1","良品","9990979","1780","指定した業態に優先して取り置く","卸","","","","箱","","箱種別","","","","","","","","","","","","","20250217","20250910"
"20250918","7","大阪","901","ZZZ","ZZZ-ZZZ-ZZ","B020","","ネコポス(大)無地","","","1","良品","9997448","9","指定した業態に優先して取り置く","卸","","","","箱","","箱種別","","","","","","","","","","","","","20250217","20250917"
"20250918","7","大阪","901","ZZZ","ZZZ-ZZZ-ZZ","B021","","にゃっち箱","","","1","良品","89237","83","指定した業態に優先して取り置く","卸","","","","箱","","箱種別","","","","","","","","","","","","","20250523","20250917"
"20250918","7","大阪","901","ZZZ","ZZZ-ZZZ-ZZ","B022","","ドライ箱60サイズ","","","1","良品","999891","11","指定した業態に優先して取り置く","卸","","","","箱","","箱種別","","","","","","","","","","","","","20250804","20250917"
"20250918","7","大阪","901","ZZZ","ZZZ-ZZZ-ZZ","B023","","ドライ箱80サイズ(JS-2)","","","1","良品","999999","0","指定した業態に優先して取り置く","卸","","","","箱","","箱種別","","","","","","","","","","","","","20250804",""
"20250918","7","大阪","965","frac","001-001-01","100022","","ココグルメ_フィッシュ100g","202701A0H7_SIL","20270107","9","返品在庫","1","1","指定した業態に優先して取り置く","卸","","","","冷凍","","","","","","4582515550615","","","","","","","","","20250910","20250917"
"20250918","7","大阪","965","frac","001-001-01","100040","4582515550561","レトルト_チキン50g","202707C2A0_TSF","20270720","9","返品在庫","36","36","指定した業態に優先して取り置く","卸","","","","レトルト","","","","","","4582515550561","","","","","","","","","20250917","20250917"
"20250918","7","大阪","965","frac","001-001-01","2043","4582515550387","とりささみうまみUP","202611D3A0_OKS","20261130","9","返品在庫","1","1","指定した業態に優先して取り置く","卸","","","","冷凍","","","","","","","","","","","","","","","20250912","20250917"
"20250918","7","大阪","978","D08","001-000-00","100109","4582515551643","ココグルメ・ドライ　チキン＆フィッシュ850g_通販","202606B1J8_HTM_P8501","20260618","1","良品","2274","22","指定した業態に優先して取り置く","卸","","","","レトルト","","","","","","","","","","","","","","","20250908","20250917"
"20250918","7","大阪","978","D08","002-000-00","100109","4582515551643","ココグルメ・ドライ　チキン＆フィッシュ850g_通販","202607A0J8_HTM_P8501","20260708","1","良品","2486","0","指定した業態に優先して取り置く","卸","","","","レトルト","","","","","","","","","","","","","","","20250908","20250917"
"20250918","7","大阪","979","D01","001-000-00","100110","4582515551650","ココグルメ・ドライ　チキン＆フィッシュ100g_通販（常温）","202606B1J8_HTM_P1001","20260618","1","良品","4551","83","指定した業態に優先して取り置く","卸","","","","レトルト","","","","","","","","","","","","","","","20250820","20250917"
"20250918","7","大阪","980","DF01","001-001-01","100120","","ココグルメ・ドライ　チキン＆フィッシュ100g_卸・モール","202607A0J8_HTM_P1002","20260708","1","良品","3145","27","指定した業態に優先して取り置く","卸","","","","レトルト","","","","","","","","","","","","","","","20250908","20250917"
"20250918","7","大阪","980","DF01","002-001-01","100119","","ココグルメ・ドライ　チキン＆フィッシュ850g_卸・モール","202607A0J8_HTM_P8502","20260708","1","良品","2029","0","指定した業態に優先して取り置く","卸","","","","レトルト","","","","","","","","","","","","","","","20250908","20250917"
"20250918","7","大阪","980","DF01","002-002-01","100122","","【卸・サンプル付】ココグルメ・ドライ　チキン＆フィッシュ","202607A0J8_HTM_P8502","20260708","1","良品","1041","12","指定した業態に優先して取り置く","卸","","","","レトルト","","","","","","4582515551742","","","","","","","","","","20250917"
"20250918","7","大阪","981","NK","001-000-00","310026","4582515551780","にゃっち_かつお10g×5本_通販","202707C2B1_EBS","20270721","1","良品","5400","0","指定した業態に優先して取り置く","卸","","","","レトルト","","","","","","","","","","","","","","","20250910",""
"20250918","7","大阪","981","NK","002-000-00","310025","4582515551773","にゃっち_かつお10g×10本_通販","202707C2B1_EBS","20270721","1","良品","4971","0","指定した業態に優先して取り置く","卸","","","","レトルト","","","","","","","","","","","","","","","20250910","20250913"
"20250918","7","大阪","981","NK","003-000-00","310023","4582515551759","にゃっち_かつお10g×4本_卸","202707C2B1_EBS","20270721","1","良品","2976","0","指定した業態に優先して取り置く","卸","","","","レトルト","","","","","","","","","","","","","","","20250910",""
"20250918","8","千葉","4","PS","001-000-00","100013","4582515550530","プチ_フィッシュ120g","202608A0C2_SIL","20260802","1","良品","900","0","指定した業態に優先して取り置く","通販","","","","冷凍","","","","","","4582515550530","","","","","","","","","20250912","20250917"
"20250918","8","千葉","4","PS","001-000-00","100013","4582515550530","プチ_フィッシュ120g","202607B1D3_SIL","20260713","1","良品","97","0","指定した業態に優先して取り置く","通販","","","","冷凍","","","","","","4582515550530","","","","","","","","","20250912","20250917"
"20250918","8","千葉","4","PS","002-000-00","100024","4582515550585","プチ_ジビエ120g","202607C2J8_SIL","20260728","1","良品","1422","0","指定した業態に優先して取り置く","通販","","","","冷凍","","","","","","4582515550585","","","","","","","","","20250904","20250917"
"20250918","8","千葉","4","PS","002-000-00","100024","4582515550585","プチ_ジビエ120g","202607C2H7_SIL","20260727","1","良品","974","0","指定した業態に優先して取り置く","通販","","","","冷凍","","","","","","4582515550585","","","","","","","","","20250904","20250917"
"20250918","8","千葉","4","PS","003-000-00","100034","4582515550257","プチ_チキン120g","202607B1K9_SIL","20260719","1","良品","1549","0","指定した業態に優先して取り置く","通販","","","","冷凍","","","","","","4582515550257","","","","","","","","","20250912","20250917"
"20250918","8","千葉","4","PS","004-000-00","100035","4582515550264","プチ_ポーク120g","202607A0H7_SIL","20260707","1","良品","600","0","指定した業態に優先して取り置く","通販","","","","冷凍","","","","","","4582515550264","","","","","","","","","20250812","20250917"
"20250918","8","千葉","4","PS","004-000-00","100035","4582515550264","プチ_ポーク120g","202607A0G6_SIL","20260706","1","良品","1006","0","指定した業態に優先して取り置く","通販","","","","冷凍","","","","","","4582515550264","","","","","","","","","20250812","20250917"
"20250918","8","千葉","5","MS","001-000-00","2039","4582515550370","とりささみNatural","202611D3A0_OKS","20261130","1","良品","12","0","指定した業態に優先して取り置く","通販","","","","冷凍","","","","","","","","","","","","","","","20250711","20250917"
"20250918","8","千葉","5","MS","002-000-00","2040","4582515550325","まぐろ＆タラうまみUP","202612C2G6_OKS","20261226","1","良品","78","0","指定した業態に優先して取り置く","通販","","","","冷凍","","","","","","","","","","","","","","","20250806","20250916"
"20250918","8","千葉","5","MS","003-000-00","2041","4582515550332","まぐろ＆タラうまみUPペースト","202612C2G6_OKS","20261226","1","良品","407","0","指定した業態に優先して取り置く","通販","","","","冷凍","","","","","","","","","","","","","","","20250806","20250917"
"20250918","8","千葉","5","MS","003-000-00","2041","4582515550332","まぐろ＆タラうまみUPペースト","202607A0C2_OKS","20260702","1","良品","8","0","指定した業態に優先して取り置く","通販","","","","冷凍","","","","","","","","","","","","","","","20250806","20250917"
"20250918","8","千葉","5","MS","004-000-00","2042","4582515550349","かつお＆サーモンNatural","202701B1D3_OKS","20270113","1","良品","433","0","指定した業態に優先して取り置く","通販","","","","冷凍","","","","","","","","","","","","","","","20250827","20250917"
"20250918","8","千葉","5","MS","005-000-00","2043","4582515550387","とりささみうまみUP","202611D3A0_OKS","20261130","1","良品","45","0","指定した業態に優先して取り置く","通販","","","","冷凍","","","","","","","","","","","","","","","20250912","20250917"
"20250918","8","千葉","5","MS","005-000-00","2043","4582515550387","とりささみうまみUP","202702A0F5_OKS","20270205","1","良品","500","0","指定した業態に優先して取り置く","通販","","","","冷凍","","","","","","","","","","","","","","","20250912","20250917"
"20250918","8","千葉","5","MS","006-000-00","2044","4582515550394","ささみ＆まぐろNatural","202610B1C2_OKS","20261012","1","良品","59","0","指定した業態に優先して取り置く","通販","","","","冷凍","","","","","","","","","","","","","","","20250523","20250913"
"20250918","8","千葉","5","MS","007-000-00","2045","4582515550400","ささみ＆まぐろうまみUP","202611C2C2_OKS","20261122","1","良品","96","0","指定した業態に優先して取り置く","通販","","","","冷凍","","","","","","","","","","","","","","","20250702","20250917"
"20250918","8","千葉","5","MS","008-000-00","2046","4582515550318","まぐろ＆タラNatural","202701A0D3_OKS","20270103","1","良品","119","0","指定した業態に優先して取り置く","通販","","","","冷凍","","","","","","","","","","","","","","","20250814","20250916"
"20250918","8","千葉","5","MS","009-000-00","2047","4582515550356","かつお＆サーモンうまみUP","202611A0F5_OKS","20261105","1","良品","41","0","指定した業態に優先して取り置く","通販","","","","冷凍","","","","","","","","","","","","","","","20250827","20250917"
"20250918","8","千葉","5","MS","009-000-00","2047","4582515550356","かつお＆サーモンうまみUP","202701B1D3_OKS","20270113","1","良品","306","0","指定した業態に優先して取り置く","通販","","","","冷凍","","","","","","","","","","","","","","","20250827","20250917"
"20250918","8","千葉","5","MS","009-000-00","2047","4582515550356","かつお＆サーモンうまみUP","202611C2K9_OKS","20261129","1","良品","306","0","指定した業態に優先して取り置く","通販","","","","冷凍","","","","","","","","","","","","","","","20250827","20250917"
"20250918","8","千葉","5","MS","010-000-00","2048","4582515550363","かつお＆サーモンうまみUPペースト","202611C2E4_OKS","20261124","1","良品","181","0","指定した業態に優先して取り置く","通販","","","","冷凍","","","","","","","","","","","","","","","20250704","20250917"
"20250918","8","千葉","5","MS","011-000-00","300013","","ミャオピュア_まぐろ60g","202606D3A0_SIL","20260630","1","良品","264","0","指定した業態に優先して取り置く","通販","","","","冷凍","","","","","","4582515551308","","","","","","","","","20250804","20250913"
"20250918","8","千葉","5","MS","011-000-00","900013","4582515551308","【寄付】ミャオピュア_まぐろ60g","***","20250919","1","良品","664","0","指定した業態に優先して取り置く","通販","","","","","","","","","","","","","","","","","","","","20250725"
"20250918","8","千葉","5","MS","012-000-00","300014","","ミャオピュア_かつお60g","202607B1G6_SIL","20260716","1","良品","110","0","指定した業態に優先して取り置く","通販","","","","冷凍","","","","","","4582515551315","","","","","","","","","20250820","20250913"
"20250918","8","千葉","5","MS","012-000-00","900014","4582515551315","【寄付】ミャオピュア_かつお60g","***","20250918","1","良品","1441","0","指定した業態に優先して取り置く","通販","","","","","","","","","","","","","","","","","","","","20250725"
"20250918","8","千葉","6","CS","001-000-00","100022","","ココグルメ_フィッシュ100g","202701B1A0_SIL","20270110","1","良品","8346","0","指定した業態に優先して取り置く","通販","","","","冷凍","","","","","","4582515550615","","","","","","","","","20250912","20250917"
"20250918","8","千葉","6","CS","002-000-00","100023","","ココグルメ_ジビエ100g","202701B1D3_SIL","20270113","1","良品","6300","0","指定した業態に優先して取り置く","通販","","","","冷凍","","","","","","4582515550622","","","","","","","","","20250904","20250917"
"20250918","8","千葉","6","CS","003-000-00","100020","","ココグルメ_チキン100g","202701B1J8_TSF","20270118","1","良品","4500","0","指定した業態に優先して取り置く","通販","","","","冷凍","","","","","","4582515550592","","","","","","","","","20250916","20250917"
"20250918","8","千葉","6","CS","003-000-00","100020","","ココグルメ_チキン100g","202701B1D3_TSF","20270113","1","良品","10552","0","指定した業態に優先して取り置く","通販","","","","冷凍","","","","","","4582515550592","","","","","","","","","20250916","20250917"
"20250918","8","千葉","6","CS","004-000-00","100021","","ココグルメ_ポーク100g","202612C2J8_SIL","20261228","1","良品","6634","0","指定した業態に優先して取り置く","通販","","","","冷凍","","","","","","4582515550608","","","","","","","","","20250905","20250917"
"20250918","8","千葉","6","CS","004-000-00","100021","","ココグルメ_ポーク100g","202612C2K9_SIL","20261229","1","良品","9000","0","指定した業態に優先して取り置く","通販","","","","冷凍","","","","","","4582515550608","","","","","","","","","20250905","20250917"
"20250918","8","千葉","9","KFS","002-000-00","980013","","【寄付】ココグルメ_チキン100g","","20260801","1","良品","4","0","指定した業態に優先して取り置く","通販","","","","冷凍","","","","","","","","","","","","","","","","20250724"
"20250918","8","千葉","9","KFS","002-000-00","980015","","【寄付】ココグルメ_フィッシュ100g","","20260801","1","良品","4","0","指定した業態に優先して取り置く","通販","","","","冷凍","","","","","","","","","","","","","","","","20250724"
"20250918","8","千葉","9","KFS","003-000-00","980013","","【寄付】ココグルメ_チキン100g","","20260801","1","良品","6","0","指定した業態に優先して取り置く","通販","","","","冷凍","","","","","","","","","","","","","","","","20250724"
"20250918","8","千葉","9","KFS","003-000-00","980015","","【寄付】ココグルメ_フィッシュ100g","","20260801","1","良品","6","0","指定した業態に優先して取り置く","通販","","","","冷凍","","","","","","","","","","","","","","","","20250724"
"20250918","8","千葉","9","KFS","003-000-00","980016","","【寄付】ココグルメ_ジビエ100g","","20260704","1","良品","6","0","指定した業態に優先して取り置く","通販","","","","冷凍","","","","","","","","","","","","","","","","20250724"
"20250918","8","千葉","9","KFS","005-000-00","980013","","【寄付】ココグルメ_チキン100g","","20260803","1","良品","3","0","指定した業態に優先して取り置く","通販","","","","冷凍","","","","","","","","","","","","","","","","20250724"
"20250918","8","千葉","9","KFS","005-000-00","980015","","【寄付】ココグルメ_フィッシュ100g","","20260801","1","良品","3","0","指定した業態に優先して取り置く","通販","","","","冷凍","","","","","","","","","","","","","","","","20250724"
"20250918","8","千葉","9","KFS","005-000-00","980016","","【寄付】ココグルメ_ジビエ100g","","20260804","1","良品","3","0","指定した業態に優先して取り置く","通販","","","","冷凍","","","","","","","","","","","","","","","","20250724"
"20250918","8","千葉","9","KFS","006-000-00","980013","","【寄付】ココグルメ_チキン100g","","20260803","1","良品","4","0","指定した業態に優先して取り置く","通販","","","","冷凍","","","","","","","","","","","","","","","","20250724"
"20250918","8","千葉","9","KFS","006-000-00","980015","","【寄付】ココグルメ_フィッシュ100g","","20260801","1","良品","9","0","指定した業態に優先して取り置く","通販","","","","冷凍","","","","","","","","","","","","","","","","20250724"
"20250918","8","千葉","9","KFS","006-000-00","980016","","【寄付】ココグルメ_ジビエ100g","","20260804","1","良品","9","0","指定した業態に優先して取り置く","通販","","","","冷凍","","","","","","","","","","","","","","","","20250724"
"20250918","8","千葉","9","KFS","007-000-00","980013","","【寄付】ココグルメ_チキン100g","","20260826","1","良品","12","0","指定した業態に優先して取り置く","通販","","","","冷凍","","","","","","","","","","","","","","","","20250724"
"20250918","8","千葉","9","KFS","007-000-00","980015","","【寄付】ココグルメ_フィッシュ100g","","20260802","1","良品","12","0","指定した業態に優先して取り置く","通販","","","","冷凍","","","","","","","","","","","","","","","","20250724"
"20250918","8","千葉","9","KFS","007-000-00","980016","","【寄付】ココグルメ_ジビエ100g","","20260805","1","良品","4","0","指定した業態に優先して取り置く","通販","","","","冷凍","","","","","","","","","","","","","","","","20250724"
"20250918","8","千葉","9","KFS","008-000-00","980013","","【寄付】ココグルメ_チキン100g","","20260830","1","良品","4","0","指定した業態に優先して取り置く","通販","","","","冷凍","","","","","","","","","","","","","","","","20250724"
"20250918","8","千葉","9","KFS","008-000-00","980015","","【寄付】ココグルメ_フィッシュ100g","","20260830","1","良品","4","0","指定した業態に優先して取り置く","通販","","","","冷凍","","","","","","","","","","","","","","","","20250724"
"20250918","8","千葉","9","KFS","008-000-00","980016","","【寄付】ココグルメ_ジビエ100g","","20260917","1","良品","4","0","指定した業態に優先して取り置く","通販","","","","冷凍","","","","","","","","","","","","","","","","20250724"
"20250918","8","千葉","9","KFS","008-000-00","980039","","【寄付】ケア_スキンケア100g","","20260211","1","良品","16","0","指定した業態に優先して取り置く","通販","","","","冷凍","","","","","","","","","","","","","","","","20250421"
"20250918","8","千葉","9","KFS","009-000-00","980013","","【寄付】ココグルメ_チキン100g","","20260829","1","良品","4","0","指定した業態に優先して取り置く","通販","","","","冷凍","","","","","","","","","","","","","","","","20250724"
"20250918","8","千葉","9","KFS","009-000-00","980015","","【寄付】ココグルメ_フィッシュ100g","","20260802","1","良品","4","0","指定した業態に優先して取り置く","通販","","","","冷凍","","","","","","","","","","","","","","","","20250724"
"20250918","8","千葉","9","KFS","009-000-00","980016","","【寄付】ココグルメ_ジビエ100g","","20260917","1","良品","4","0","指定した業態に優先して取り置く","通販","","","","冷凍","","","","","","","","","","","","","","","","20250724"
"20250918","8","千葉","9","KFS","010-000-00","980013","","【寄付】ココグルメ_チキン100g","","20260829","1","良品","4","0","指定した業態に優先して取り置く","通販","","","","冷凍","","","","","","","","","","","","","","","","20250724"
"20250918","8","千葉","9","KFS","010-000-00","980015","","【寄付】ココグルメ_フィッシュ100g","","20260830","1","良品","4","0","指定した業態に優先して取り置く","通販","","","","冷凍","","","","","","","","","","","","","","","","20250724"
"20250918","8","千葉","9","KFS","010-000-00","980016","","【寄付】ココグルメ_ジビエ100g","","20260917","1","良品","4","0","指定した業態に優先して取り置く","通販","","","","冷凍","","","","","","","","","","","","","","","","20250724"
"20250918","8","千葉","9","KFS","011-000-00","980013","","【寄付】ココグルメ_チキン100g","","20260830","1","良品","16","0","指定した業態に優先して取り置く","通販","","","","冷凍","","","","","","","","","","","","","","","","20250724"
"20250918","8","千葉","9","KFS","012-000-00","980014","","【寄付】ココグルメ_ポーク100g","","20260819","1","良品","8","0","指定した業態に優先して取り置く","通販","","","","冷凍","","","","","","","","","","","","","","","20240130","20250724"
"20250918","8","千葉","9","KFS","012-000-00","980015","","【寄付】ココグルメ_フィッシュ100g","","20260901","1","良品","6","0","指定した業態に優先して取り置く","通販","","","","冷凍","","","","","","","","","","","","","","","","20250724"
"20250918","8","千葉","9","KFS","012-000-00","980016","","【寄付】ココグルメ_ジビエ100g","","20260920","1","良品","6","0","指定した業態に優先して取り置く","通販","","","","冷凍","","","","","","","","","","","","","","","","20250724"
"20250918","8","千葉","9","KFS","013-000-00","980013","","【寄付】ココグルメ_チキン100g","","20260910","1","良品","1","0","指定した業態に優先して取り置く","通販","","","","冷凍","","","","","","","","","","","","","","","","20250724"
"20250918","8","千葉","9","KFS","013-000-00","980014","","【寄付】ココグルメ_ポーク100g","","20260823","1","良品","1","0","指定した業態に優先して取り置く","通販","","","","冷凍","","","","","","","","","","","","","","","20240130","20250724"
"20250918","8","千葉","9","KFS","013-000-00","980015","","【寄付】ココグルメ_フィッシュ100g","","20260901","1","良品","1","0","指定した業態に優先して取り置く","通販","","","","冷凍","","","","","","","","","","","","","","","","20250724"
"20250918","8","千葉","9","KFS","013-000-00","980016","","【寄付】ココグルメ_ジビエ100g","","20260921","1","良品","1","0","指定した業態に優先して取り置く","通販","","","","冷凍","","","","","","","","","","","","","","","","20250724"
"20250918","8","千葉","9","KFS","014-000-00","980013","","【寄付】ココグルメ_チキン100g","","20260913","1","良品","6","0","指定した業態に優先して取り置く","通販","","","","冷凍","","","","","","","","","","","","","","","","20250724"
"20250918","8","千葉","9","KFS","014-000-00","980014","","【寄付】ココグルメ_ポーク100g","","20260824","1","良品","5","0","指定した業態に優先して取り置く","通販","","","","冷凍","","","","","","","","","","","","","","","20240130","20250724"
"20250918","8","千葉","9","KFS","014-000-00","980015","","【寄付】ココグルメ_フィッシュ100g","","20260925","1","良品","5","0","指定した業態に優先して取り置く","通販","","","","冷凍","","","","","","","","","","","","","","","","20250724"
"20250918","8","千葉","9","KFS","015-000-00","980015","","【寄付】ココグルメ_フィッシュ100g","","20260925","1","良品","16","0","指定した業態に優先して取り置く","通販","","","","冷凍","","","","","","","","","","","","","","","","20250724"
"20250918","8","千葉","9","KFS","016-000-00","980013","","【寄付】ココグルメ_チキン100g","","20260910","1","良品","1","0","指定した業態に優先して取り置く","通販","","","","冷凍","","","","","","","","","","","","","","","","20250724"
"20250918","8","千葉","9","KFS","016-000-00","980013","","【寄付】ココグルメ_チキン100g","","20260930","1","良品","1","0","指定した業態に優先して取り置く","通販","","","","冷凍","","","","","","","","","","","","","","","","20250724"
"20250918","8","千葉","9","KFS","016-000-00","980014","","【寄付】ココグルメ_ポーク100g","","20260823","1","良品","1","0","指定した業態に優先して取り置く","通販","","","","冷凍","","","","","","","","","","","","","","","20240130","20250724"
"20250918","8","千葉","9","KFS","016-000-00","980014","","【寄付】ココグルメ_ポーク100g","","20260826","1","良品","1","0","指定した業態に優先して取り置く","通販","","","","冷凍","","","","","","","","","","","","","","","20240130","20250724"
"20250918","8","千葉","9","KFS","016-000-00","980015","","【寄付】ココグルメ_フィッシュ100g","","20260927","1","良品","1","0","指定した業態に優先して取り置く","通販","","","","冷凍","","","","","","","","","","","","","","","","20250724"
"20250918","8","千葉","9","KFS","016-000-00","980015","","【寄付】ココグルメ_フィッシュ100g","","20260901","1","良品","1","0","指定した業態に優先して取り置く","通販","","","","冷凍","","","","","","","","","","","","","","","","20250724"
"20250918","8","千葉","9","KFS","016-000-00","980016","","【寄付】ココグルメ_ジビエ100g","","20260921","1","良品","1","0","指定した業態に優先して取り置く","通販","","","","冷凍","","","","","","","","","","","","","","","","20250724"
"20250918","8","千葉","9","KFS","016-000-00","980016","","【寄付】ココグルメ_ジビエ100g","","20260922","1","良品","1","0","指定した業態に優先して取り置く","通販","","","","冷凍","","","","","","","","","","","","","","","","20250724"
"20250918","8","千葉","9","KFS","017-000-00","980013","","【寄付】ココグルメ_チキン100g","","20261003","1","良品","1","0","指定した業態に優先して取り置く","通販","","","","冷凍","","","","","","","","","","","","","","","","20250724"
"20250918","8","千葉","9","KFS","017-000-00","980014","","【寄付】ココグルメ_ポーク100g","","20260909","1","良品","1","0","指定した業態に優先して取り置く","通販","","","","冷凍","","","","","","","","","","","","","","","20240130","20250724"
"20250918","8","千葉","9","KFS","017-000-00","980015","","【寄付】ココグルメ_フィッシュ100g","","20260927","1","良品","1","0","指定した業態に優先して取り置く","通販","","","","冷凍","","","","","","","","","","","","","","","","20250724"
"20250918","8","千葉","9","KFS","017-000-00","980016","","【寄付】ココグルメ_ジビエ100g","","20261017","1","良品","1","0","指定した業態に優先して取り置く","通販","","","","冷凍","","","","","","","","","","","","","","","","20250724"
"20250918","8","千葉","9","KFS","018-000-00","980037","","【寄付】ケア_早期腎臓サポート100g","","20261021","1","良品","2","0","指定した業態に優先して取り置く","通販","","","","冷凍","","","","","","","","","","","","","","","","20250421"
"20250918","8","千葉","9","KFS","019-000-00","980013","","【寄付】ココグルメ_チキン100g","","20261004","1","良品","4","0","指定した業態に優先して取り置く","通販","","","","冷凍","","","","","","","","","","","","","","","","20250724"
"20250918","8","千葉","9","KFS","019-000-00","980014","","【寄付】ココグルメ_ポーク100g","","20260909","1","良品","4","0","指定した業態に優先して取り置く","通販","","","","冷凍","","","","","","","","","","","","","","","20240130","20250724"
"20250918","8","千葉","9","KFS","019-000-00","980015","","【寄付】ココグルメ_フィッシュ100g","","20260928","1","良品","4","0","指定した業態に優先して取り置く","通販","","","","冷凍","","","","","","","","","","","","","","","","20250724"
"20250918","8","千葉","9","KFS","019-000-00","980016","","【寄付】ココグルメ_ジビエ100g","","20261017","1","良品","4","0","指定した業態に優先して取り置く","通販","","","","冷凍","","","","","","","","","","","","","","","","20250724"
"20250918","8","千葉","9","KFS","020-000-00","8701","","【寄付】とりささみNatural粒","","20251020","1","良品","1","0","指定した業態に優先して取り置く","通販","","","","冷凍","","","","","","","","","","","","","","","",""
"20250918","8","千葉","9","KFS","020-000-00","8703","","【寄付】まぐろ＆タラうまみUPペースト","","20251019","1","良品","1","0","指定した業態に優先して取り置く","通販","","","","冷凍","","","","","","","","","","","","","","","",""
"20250918","8","千葉","9","KFS","020-000-00","8704","","【寄付】かつお＆サーモンNatural粒","","20250930","1","良品","1","0","指定した業態に優先して取り置く","通販","","","","冷凍","","","","","","","","","","","","","","","",""
"20250918","8","千葉","9","KFS","020-000-00","8705","","【寄付】とりささみうまみUP","","20251020","1","良品","1","0","指定した業態に優先して取り置く","通販","","","","冷凍","","","","","","","","","","","","","","","",""
"20250918","8","千葉","9","KFS","020-000-00","8707","","【寄付】ささみ＆まぐろうまみUP粒","","20250930","1","良品","1","0","指定した業態に優先して取り置く","通販","","","","冷凍","","","","","","","","","","","","","","","",""
"20250918","8","千葉","9","KFS","020-000-00","8708","","【寄付】まぐろ＆タラNatural粒","","20251019","1","良品","1","0","指定した業態に優先して取り置く","通販","","","","冷凍","","","","","","","","","","","","","","","",""
"20250918","8","千葉","9","KFS","020-000-00","8709","","【寄付】かつお＆サーモンうまみUP粒","","20251001","1","良品","1","0","指定した業態に優先して取り置く","通販","","","","冷凍","","","","","","","","","","","","","","","",""
"20250918","8","千葉","9","KFS","020-000-00","8710","","【寄付】かつお＆サーモンうまみUPペースト","","20251113","1","良品","1","0","指定した業態に優先して取り置く","通販","","","","冷凍","","","","","","","","","","","","","","","",""
"20250918","8","千葉","9","KFS","021-000-00","980013","","【寄付】ココグルメ_チキン100g","","20261012","1","良品","12","0","指定した業態に優先して取り置く","通販","","","","冷凍","","","","","","","","","","","","","","","","20250724"
"20250918","8","千葉","9","KFS","021-000-00","980013","","【寄付】ココグルメ_チキン100g","","20261013","1","良品","3","0","指定した業態に優先して取り置く","通販","","","","冷凍","","","","","","","","","","","","","","","","20250724"
"20250918","8","千葉","9","KFS","021-000-00","980014","","【寄付】ココグルメ_ポーク100g","","20260911","1","良品","13","0","指定した業態に優先して取り置く","通販","","","","冷凍","","","","","","","","","","","","","","","20240130","20250724"
"20250918","8","千葉","9","KFS","021-000-00","980015","","【寄付】ココグルメ_フィッシュ100g","","20260928","1","良品","10","0","指定した業態に優先して取り置く","通販","","","","冷凍","","","","","","","","","","","","","","","","20250724"
"20250918","8","千葉","9","KFS","021-000-00","980015","","【寄付】ココグルメ_フィッシュ100g","","20260929","1","良品","3","0","指定した業態に優先して取り置く","通販","","","","冷凍","","","","","","","","","","","","","","","","20250724"
"20250918","8","千葉","9","KFS","021-000-00","980016","","【寄付】ココグルメ_ジビエ100g","","20261021","1","良品","3","0","指定した業態に優先して取り置く","通販","","","","冷凍","","","","","","","","","","","","","","","","20250724"
"20250918","8","千葉","9","KFS","022-000-00","980014","","【寄付】ココグルメ_ポーク100g","","20260916","1","良品","32","0","指定した業態に優先して取り置く","通販","","","","冷凍","","","","","","","","","","","","","","","20240130","20250724"
"20250918","8","千葉","9","KFS","022-000-00","980037","","【寄付】ケア_早期腎臓サポート100g","","20261021","1","良品","16","0","指定した業態に優先して取り置く","通販","","","","冷凍","","","","","","","","","","","","","","","","20250421"
"20250918","8","千葉","9","KFS","024-000-00","980013","","【寄付】ココグルメ_チキン100g","","20261012","1","良品","16","0","指定した業態に優先して取り置く","通販","","","","冷凍","","","","","","","","","","","","","","","","20250724"
"20250918","8","千葉","9","KFS","024-000-00","980015","","【寄付】ココグルメ_フィッシュ100g","","20260928","1","良品","16","0","指定した業態に優先して取り置く","通販","","","","冷凍","","","","","","","","","","","","","","","","20250724"
"20250918","8","千葉","9","KFS","024-000-00","980016","","【寄付】ココグルメ_ジビエ100g","","20261020","1","良品","16","0","指定した業態に優先して取り置く","通販","","","","冷凍","","","","","","","","","","","","","","","","20250724"
"20250918","8","千葉","9","KFS","025-000-00","980013","","【寄付】ココグルメ_チキン100g","","20261026","1","良品","12","0","指定した業態に優先して取り置く","通販","","","","冷凍","","","","","","","","","","","","","","","","20250724"
"20250918","8","千葉","9","KFS","025-000-00","980014","","【寄付】ココグルメ_ポーク100g","","20261003","1","良品","12","0","指定した業態に優先して取り置く","通販","","","","冷凍","","","","","","","","","","","","","","","20240130","20250724"
"20250918","8","千葉","9","KFS","025-000-00","980015","","【寄付】ココグルメ_フィッシュ100g","","20260929","1","良品","4","0","指定した業態に優先して取り置く","通販","","","","冷凍","","","","","","","","","","","","","","","","20250724"
"20250918","8","千葉","9","KFS","025-000-00","980016","","【寄付】ココグルメ_ジビエ100g","","20261022","1","良品","4","0","指定した業態に優先して取り置く","通販","","","","冷凍","","","","","","","","","","","","","","","","20250724"
"20250918","8","千葉","9","KFS","026-000-00","980013","","【寄付】ココグルメ_チキン100g","","20261026","1","良品","1","0","指定した業態に優先して取り置く","通販","","","","冷凍","","","","","","","","","","","","","","","","20250724"
"20250918","8","千葉","9","KFS","026-000-00","980013","","【寄付】ココグルメ_チキン100g","","20261027","1","良品","12","0","指定した業態に優先して取り置く","通販","","","","冷凍","","","","","","","","","","","","","","","","20250724"
"20250918","8","千葉","9","KFS","026-000-00","980014","","【寄付】ココグルメ_ポーク100g","","20261003","1","良品","1","0","指定した業態に優先して取り置く","通販","","","","冷凍","","","","","","","","","","","","","","","20240130","20250724"
"20250918","8","千葉","9","KFS","026-000-00","980014","","【寄付】ココグルメ_ポーク100g","","20261006","1","良品","10","0","指定した業態に優先して取り置く","通販","","","","冷凍","","","","","","","","","","","","","","","20240130","20250724"
"20250918","8","千葉","9","KFS","026-000-00","980015","","【寄付】ココグルメ_フィッシュ100g","","20260929","1","良品","1","0","指定した業態に優先して取り置く","通販","","","","冷凍","","","","","","","","","","","","","","","","20250724"
"20250918","8","千葉","9","KFS","026-000-00","980016","","【寄付】ココグルメ_ジビエ100g","","20261022","1","良品","11","0","指定した業態に優先して取り置く","通販","","","","冷凍","","","","","","","","","","","","","","","","20250724"
"20250918","8","千葉","9","KFS","027-000-00","980013","","【寄付】ココグルメ_チキン100g","","20261102","1","良品","4","0","指定した業態に優先して取り置く","通販","","","","冷凍","","","","","","","","","","","","","","","","20250724"
"20250918","8","千葉","9","KFS","027-000-00","980014","","【寄付】ココグルメ_ポーク100g","","20261011","1","良品","4","0","指定した業態に優先して取り置く","通販","","","","冷凍","","","","","","","","","","","","","","","20240130","20250724"
"20250918","8","千葉","9","KFS","027-000-00","980015","","【寄付】ココグルメ_フィッシュ100g","","20261101","1","良品","4","0","指定した業態に優先して取り置く","通販","","","","冷凍","","","","","","","","","","","","","","","","20250724"
"20250918","8","千葉","9","KFS","027-000-00","980016","","【寄付】ココグルメ_ジビエ100g","","20261025","1","良品","4","0","指定した業態に優先して取り置く","通販","","","","冷凍","","","","","","","","","","","","","","","","20250724"
"20250918","8","千葉","9","KFS","028-000-00","980024","","【寄付】プチ_ジビエ120g","","20260330","1","良品","2","0","指定した業態に優先して取り置く","通販","","","","冷凍","","","","","","","","","","","","","","","","20250718"
"20250918","8","千葉","9","KFS","028-000-00","980025","","【寄付】プチ_チキン120g","","20260407","1","良品","2","0","指定した業態に優先して取り置く","通販","","","","冷凍","","","","","","","","","","","","","","","","20250718"
"20250918","8","千葉","9","KFS","028-000-00","980026","","【寄付】プチ_ポーク120g","","20260419","1","良品","2","0","指定した業態に優先して取り置く","通販","","","","冷凍","","","","","","","","","","","","","","","","20250718"
"20250918","8","千葉","9","KFS","029-000-00","980015","","【寄付】ココグルメ_フィッシュ100g","","20261102","1","良品","8","0","指定した業態に優先して取り置く","通販","","","","冷凍","","","","","","","","","","","","","","","","20250724"
"20250918","8","千葉","9","KFS","029-000-00","980016","","【寄付】ココグルメ_ジビエ100g","","20261025","1","良品","8","0","指定した業態に優先して取り置く","通販","","","","冷凍","","","","","","","","","","","","","","","","20250724"
"20250918","8","千葉","9","KFS","030-000-00","980013","","【寄付】ココグルメ_チキン100g","","20261102","1","良品","4","0","指定した業態に優先して取り置く","通販","","","","冷凍","","","","","","","","","","","","","","","","20250724"
"20250918","8","千葉","9","KFS","030-000-00","980014","","【寄付】ココグルメ_ポーク100g","","20261011","1","良品","4","0","指定した業態に優先して取り置く","通販","","","","冷凍","","","","","","","","","","","","","","","20240130","20250724"
"20250918","8","千葉","9","KFS","030-000-00","980015","","【寄付】ココグルメ_フィッシュ100g","","20261101","1","良品","4","0","指定した業態に優先して取り置く","通販","","","","冷凍","","","","","","","","","","","","","","","","20250724"
"20250918","8","千葉","9","KFS","030-000-00","980016","","【寄付】ココグルメ_ジビエ100g","","20261024","1","良品","4","0","指定した業態に優先して取り置く","通販","","","","冷凍","","","","","","","","","","","","","","","","20250724"
"20250918","8","千葉","9","KFS","030-000-00","980024","","【寄付】プチ_ジビエ120g","","20260330","1","良品","2","0","指定した業態に優先して取り置く","通販","","","","冷凍","","","","","","","","","","","","","","","","20250718"
"20250918","8","千葉","9","KFS","030-000-00","980025","","【寄付】プチ_チキン120g","","20260407","1","良品","2","0","指定した業態に優先して取り置く","通販","","","","冷凍","","","","","","","","","","","","","","","","20250718"
"20250918","8","千葉","9","KFS","030-000-00","980026","","【寄付】プチ_ポーク120g","","20260419","1","良品","2","0","指定した業態に優先して取り置く","通販","","","","冷凍","","","","","","","","","","","","","","","","20250718"
"20250918","8","千葉","9","KFS","031-000-00","980013","","【寄付】ココグルメ_チキン100g","","20261105","1","良品","6","0","指定した業態に優先して取り置く","通販","","","","冷凍","","","","","","","","","","","","","","","","20250724"
"20250918","8","千葉","9","KFS","031-000-00","980014","","【寄付】ココグルメ_ポーク100g","","20261012","1","良品","5","0","指定した業態に優先して取り置く","通販","","","","冷凍","","","","","","","","","","","","","","","20240130","20250724"
"20250918","8","千葉","9","KFS","031-000-00","980015","","【寄付】ココグルメ_フィッシュ100g","","20261102","1","良品","20","0","指定した業態に優先して取り置く","通販","","","","冷凍","","","","","","","","","","","","","","","","20250724"
"20250918","8","千葉","9","KFS","031-000-00","980016","","【寄付】ココグルメ_ジビエ100g","","20261026","1","良品","5","0","指定した業態に優先して取り置く","通販","","","","冷凍","","","","","","","","","","","","","","","","20250724"
"20250918","8","千葉","9","KFS","031-000-00","980039","","【寄付】ケア_スキンケア100g","","20261105","1","良品","16","0","指定した業態に優先して取り置く","通販","","","","冷凍","","","","","","","","","","","","","","","","20250421"
"20250918","8","千葉","9","KFS","032-000-00","980013","","【寄付】ココグルメ_チキン100g","","20261105","1","良品","4","0","指定した業態に優先して取り置く","通販","","","","冷凍","","","","","","","","","","","","","","","","20250724"
"20250918","8","千葉","9","KFS","032-000-00","980014","","【寄付】ココグルメ_ポーク100g","","20261012","1","良品","4","0","指定した業態に優先して取り置く","通販","","","","冷凍","","","","","","","","","","","","","","","20240130","20250724"
"20250918","8","千葉","9","KFS","032-000-00","980015","","【寄付】ココグルメ_フィッシュ100g","","20261102","1","良品","4","0","指定した業態に優先して取り置く","通販","","","","冷凍","","","","","","","","","","","","","","","","20250724"
"20250918","8","千葉","9","KFS","032-000-00","980016","","【寄付】ココグルメ_ジビエ100g","","20261026","1","良品","4","0","指定した業態に優先して取り置く","通販","","","","冷凍","","","","","","","","","","","","","","","","20250724"
"20250918","8","千葉","9","KFS","033-000-00","980016","","【寄付】ココグルメ_ジビエ100g","","20261025","1","良品","4","0","指定した業態に優先して取り置く","通販","","","","冷凍","","","","","","","","","","","","","","","","20250724"
"20250918","8","千葉","9","KFS","034-000-00","980013","","【寄付】ココグルメ_チキン100g","","20261105","1","良品","1","0","指定した業態に優先して取り置く","通販","","","","冷凍","","","","","","","","","","","","","","","","20250724"
"20250918","8","千葉","9","KFS","034-000-00","980014","","【寄付】ココグルメ_ポーク100g","","20261012","1","良品","1","0","指定した業態に優先して取り置く","通販","","","","冷凍","","","","","","","","","","","","","","","20240130","20250724"
"20250918","8","千葉","9","KFS","034-000-00","980015","","【寄付】ココグルメ_フィッシュ100g","","20261102","1","良品","1","0","指定した業態に優先して取り置く","通販","","","","冷凍","","","","","","","","","","","","","","","","20250724"
"20250918","8","千葉","9","KFS","034-000-00","980016","","【寄付】ココグルメ_ジビエ100g","","20261026","1","良品","1","0","指定した業態に優先して取り置く","通販","","","","冷凍","","","","","","","","","","","","","","","","20250724"
"20250918","8","千葉","9","KFS","035-000-00","980013","","【寄付】ココグルメ_チキン100g","","20261108","1","良品","6","0","指定した業態に優先して取り置く","通販","","","","冷凍","","","","","","","","","","","","","","","","20250724"
"20250918","8","千葉","9","KFS","035-000-00","980014","","【寄付】ココグルメ_ポーク100g","","20261013","1","良品","5","0","指定した業態に優先して取り置く","通販","","","","冷凍","","","","","","","","","","","","","","","20240130","20250724"
"20250918","8","千葉","9","KFS","035-000-00","980015","","【寄付】ココグルメ_フィッシュ100g","","20261124","1","良品","8","0","指定した業態に優先して取り置く","通販","","","","冷凍","","","","","","","","","","","","","","","","20250724"
"20250918","8","千葉","9","KFS","035-000-00","980016","","【寄付】ココグルメ_ジビエ100g","","20261122","1","良品","8","0","指定した業態に優先して取り置く","通販","","","","冷凍","","","","","","","","","","","","","","","","20250724"
"20250918","8","千葉","9","KFS","035-000-00","980016","","【寄付】ココグルメ_ジビエ100g","","20261027","1","良品","5","0","指定した業態に優先して取り置く","通販","","","","冷凍","","","","","","","","","","","","","","","","20250724"
"20250918","8","千葉","9","KFS","036-000-00","980013","","【寄付】ココグルメ_チキン100g","","20261108","1","良品","10","0","指定した業態に優先して取り置く","通販","","","","冷凍","","","","","","","","","","","","","","","","20250724"
"20250918","8","千葉","9","KFS","036-000-00","980014","","【寄付】ココグルメ_ポーク100g","","20261013","1","良品","9","0","指定した業態に優先して取り置く","通販","","","","冷凍","","","","","","","","","","","","","","","20240130","20250724"
"20250918","8","千葉","9","KFS","036-000-00","980015","","【寄付】ココグルメ_フィッシュ100g","","20261124","1","良品","9","0","指定した業態に優先して取り置く","通販","","","","冷凍","","","","","","","","","","","","","","","","20250724"
"20250918","8","千葉","9","KFS","036-000-00","980016","","【寄付】ココグルメ_ジビエ100g","","20261027","1","良品","4","0","指定した業態に優先して取り置く","通販","","","","冷凍","","","","","","","","","","","","","","","","20250724"
"20250918","8","千葉","9","KFS","037-000-00","980013","","【寄付】ココグルメ_チキン100g","","20261108","1","良品","4","0","指定した業態に優先して取り置く","通販","","","","冷凍","","","","","","","","","","","","","","","","20250724"
"20250918","8","千葉","9","KFS","037-000-00","980014","","【寄付】ココグルメ_ポーク100g","","20261013","1","良品","4","0","指定した業態に優先して取り置く","通販","","","","冷凍","","","","","","","","","","","","","","","20240130","20250724"
"20250918","8","千葉","9","KFS","037-000-00","980015","","【寄付】ココグルメ_フィッシュ100g","","20261124","1","良品","4","0","指定した業態に優先して取り置く","通販","","","","冷凍","","","","","","","","","","","","","","","","20250724"
"20250918","8","千葉","9","KFS","037-000-00","980016","","【寄付】ココグルメ_ジビエ100g","","20261027","1","良品","4","0","指定した業態に優先して取り置く","通販","","","","冷凍","","","","","","","","","","","","","","","","20250724"
"20250918","8","千葉","9","KFS","038-000-00","980013","","【寄付】ココグルメ_チキン100g","","20261108","1","良品","4","0","指定した業態に優先して取り置く","通販","","","","冷凍","","","","","","","","","","","","","","","","20250724"
"20250918","8","千葉","9","KFS","038-000-00","980014","","【寄付】ココグルメ_ポーク100g","","20261013","1","良品","4","0","指定した業態に優先して取り置く","通販","","","","冷凍","","","","","","","","","","","","","","","20240130","20250724"
"20250918","8","千葉","9","KFS","038-000-00","980015","","【寄付】ココグルメ_フィッシュ100g","","20261124","1","良品","4","0","指定した業態に優先して取り置く","通販","","","","冷凍","","","","","","","","","","","","","","","","20250724"
"20250918","8","千葉","9","KFS","038-000-00","980016","","【寄付】ココグルメ_ジビエ100g","","20261027","1","良品","4","0","指定した業態に優先して取り置く","通販","","","","冷凍","","","","","","","","","","","","","","","","20250724"
"20250918","8","千葉","9","KFS","039-000-00","980024","","【寄付】プチ_ジビエ120g","","20260503","1","良品","2","0","指定した業態に優先して取り置く","通販","","","","冷凍","","","","","","","","","","","","","","","","20250718"
"20250918","8","千葉","9","KFS","039-000-00","980025","","【寄付】プチ_チキン120g","","20260518","1","良品","2","0","指定した業態に優先して取り置く","通販","","","","冷凍","","","","","","","","","","","","","","","","20250718"
"20250918","8","千葉","9","KFS","039-000-00","980026","","【寄付】プチ_ポーク120g","","20260611","1","良品","2","0","指定した業態に優先して取り置く","通販","","","","冷凍","","","","","","","","","","","","","","","","20250718"
"20250918","8","千葉","9","KFS","040-000-00","980014","","【寄付】ココグルメ_ポーク100g","","20261103","1","良品","8","0","指定した業態に優先して取り置く","通販","","","","冷凍","","","","","","","","","","","","","","","20240130","20250724"
"20250918","8","千葉","9","KFS","040-000-00","980015","","【寄付】ココグルメ_フィッシュ100g","","20261124","1","良品","4","0","指定した業態に優先して取り置く","通販","","","","冷凍","","","","","","","","","","","","","","","","20250724"
"20250918","8","千葉","9","KFS","040-000-00","980016","","【寄付】ココグルメ_ジビエ100g","","20261122","1","良品","8","0","指定した業態に優先して取り置く","通販","","","","冷凍","","","","","","","","","","","","","","","","20250724"
"20250918","8","千葉","9","KFS","041-000-00","980013","","【寄付】ココグルメ_チキン100g","","20261117","1","良品","1","0","指定した業態に優先して取り置く","通販","","","","冷凍","","","","","","","","","","","","","","","","20250724"
"20250918","8","千葉","9","KFS","041-000-00","980013","","【寄付】ココグルメ_チキン100g","","20261116","1","良品","12","0","指定した業態に優先して取り置く","通販","","","","冷凍","","","","","","","","","","","","","","","","20250724"
"20250918","8","千葉","9","KFS","041-000-00","980014","","【寄付】ココグルメ_ポーク100g","","20261103","1","良品","11","0","指定した業態に優先して取り置く","通販","","","","冷凍","","","","","","","","","","","","","","","20240130","20250724"
"20250918","8","千葉","9","KFS","041-000-00","980015","","【寄付】ココグルメ_フィッシュ100g","","20261125","1","良品","1","0","指定した業態に優先して取り置く","通販","","","","冷凍","","","","","","","","","","","","","","","","20250724"
"20250918","8","千葉","9","KFS","041-000-00","980016","","【寄付】ココグルメ_ジビエ100g","","20261122","1","良品","11","0","指定した業態に優先して取り置く","通販","","","","冷凍","","","","","","","","","","","","","","","","20250724"
"20250918","8","千葉","9","KFS","042-000-00","980013","","【寄付】ココグルメ_チキン100g","","20261117","1","良品","7","0","指定した業態に優先して取り置く","通販","","","","冷凍","","","","","","","","","","","","","","","","20250724"
"20250918","8","千葉","9","KFS","042-000-00","980014","","【寄付】ココグルメ_ポーク100g","","20261109","1","良品","32","0","指定した業態に優先して取り置く","通販","","","","冷凍","","","","","","","","","","","","","","","20240130","20250724"
"20250918","8","千葉","9","KFS","042-000-00","980014","","【寄付】ココグルメ_ポーク100g","","20261106","1","良品","5","0","指定した業態に優先して取り置く","通販","","","","冷凍","","","","","","","","","","","","","","","20240130","20250724"
"20250918","8","千葉","9","KFS","042-000-00","980015","","【寄付】ココグルメ_フィッシュ100g","","20261125","1","良品","5","0","指定した業態に優先して取り置く","通販","","","","冷凍","","","","","","","","","","","","","","","","20250724"
"20250918","8","千葉","9","KFS","042-000-00","980016","","【寄付】ココグルメ_ジビエ100g","","20261122","1","良品","7","0","指定した業態に優先して取り置く","通販","","","","冷凍","","","","","","","","","","","","","","","","20250724"
"20250918","8","千葉","9","KFS","043-000-00","980013","","【寄付】ココグルメ_チキン100g","","20261122","1","良品","4","0","指定した業態に優先して取り置く","通販","","","","冷凍","","","","","","","","","","","","","","","","20250724"
"20250918","8","千葉","9","KFS","043-000-00","980014","","【寄付】ココグルメ_ポーク100g","","20261109","1","良品","4","0","指定した業態に優先して取り置く","通販","","","","冷凍","","","","","","","","","","","","","","","20240130","20250724"
"20250918","8","千葉","9","KFS","043-000-00","980015","","【寄付】ココグルメ_フィッシュ100g","","20261125","1","良品","4","0","指定した業態に優先して取り置く","通販","","","","冷凍","","","","","","","","","","","","","","","","20250724"
"20250918","8","千葉","9","KFS","043-000-00","980016","","【寄付】ココグルメ_ジビエ100g","","20261123","1","良品","4","0","指定した業態に優先して取り置く","通販","","","","冷凍","","","","","","","","","","","","","","","","20250724"
"20250918","8","千葉","9","KFS","044-000-00","980013","","【寄付】ココグルメ_チキン100g","","20261122","1","良品","10","0","指定した業態に優先して取り置く","通販","","","","冷凍","","","","","","","","","","","","","","","","20250724"
"20250918","8","千葉","9","KFS","044-000-00","980014","","【寄付】ココグルメ_ポーク100g","","20261109","1","良品","9","0","指定した業態に優先して取り置く","通販","","","","冷凍","","","","","","","","","","","","","","","20240130","20250724"
"20250918","8","千葉","9","KFS","044-000-00","980015","","【寄付】ココグルメ_フィッシュ100g","","20261125","1","良品","9","0","指定した業態に優先して取り置く","通販","","","","冷凍","","","","","","","","","","","","","","","","20250724"
"20250918","8","千葉","9","KFS","044-000-00","980016","","【寄付】ココグルメ_ジビエ100g","","20261123","1","良品","4","0","指定した業態に優先して取り置く","通販","","","","冷凍","","","","","","","","","","","","","","","","20250724"
"20250918","8","千葉","9","KFS","045-000-00","980013","","【寄付】ココグルメ_チキン100g","","20261126","1","良品","1","0","指定した業態に優先して取り置く","通販","","","","冷凍","","","","","","","","","","","","","","","","20250724"
"20250918","8","千葉","9","KFS","045-000-00","980013","","【寄付】ココグルメ_チキン100g","","20261122","1","良品","10","0","指定した業態に優先して取り置く","通販","","","","冷凍","","","","","","","","","","","","","","","","20250724"
"20250918","8","千葉","9","KFS","045-000-00","980013","","【寄付】ココグルメ_チキン100g","","20261123","1","良品","5","0","指定した業態に優先して取り置く","通販","","","","冷凍","","","","","","","","","","","","","","","","20250724"
"20250918","8","千葉","9","KFS","045-000-00","980014","","【寄付】ココグルメ_ポーク100g","","20261109","1","良品","9","0","指定した業態に優先して取り置く","通販","","","","冷凍","","","","","","","","","","","","","","","20240130","20250724"
"20250918","8","千葉","9","KFS","045-000-00","980014","","【寄付】ココグルメ_ポーク100g","","20261108","1","良品","5","0","指定した業態に優先して取り置く","通販","","","","冷凍","","","","","","","","","","","","","","","20240130","20250724"
"20250918","8","千葉","9","KFS","045-000-00","980014","","【寄付】ココグルメ_ポーク100g","","20261111","1","良品","1","0","指定した業態に優先して取り置く","通販","","","","冷凍","","","","","","","","","","","","","","","20240130","20250724"
"20250918","8","千葉","9","KFS","045-000-00","980015","","【寄付】ココグルメ_フィッシュ100g","","20261129","1","良品","1","0","指定した業態に優先して取り置く","通販","","","","冷凍","","","","","","","","","","","","","","","","20250724"
"20250918","8","千葉","9","KFS","045-000-00","980015","","【寄付】ココグルメ_フィッシュ100g","","20261125","1","良品","9","0","指定した業態に優先して取り置く","通販","","","","冷凍","","","","","","","","","","","","","","","","20250724"
"20250918","8","千葉","9","KFS","045-000-00","980016","","【寄付】ココグルメ_ジビエ100g","","20261123","1","良品","14","0","指定した業態に優先して取り置く","通販","","","","冷凍","","","","","","","","","","","","","","","","20250724"
"20250918","8","千葉","9","KFS","045-000-00","980016","","【寄付】ココグルメ_ジビエ100g","","20261213","1","良品","1","0","指定した業態に優先して取り置く","通販","","","","冷凍","","","","","","","","","","","","","","","","20250724"
"20250918","8","千葉","9","KFS","046-000-00","980013","","【寄付】ココグルメ_チキン100g","","20261126","1","良品","4","0","指定した業態に優先して取り置く","通販","","","","冷凍","","","","","","","","","","","","","","","","20250724"
"20250918","8","千葉","9","KFS","046-000-00","980014","","【寄付】ココグルメ_ポーク100g","","20261110","1","良品","3","0","指定した業態に優先して取り置く","通販","","","","冷凍","","","","","","","","","","","","","","","20240130","20250724"
"20250918","8","千葉","9","KFS","046-000-00","980014","","【寄付】ココグルメ_ポーク100g","","20261111","1","良品","1","0","指定した業態に優先して取り置く","通販","","","","冷凍","","","","","","","","","","","","","","","20240130","20250724"
"20250918","8","千葉","9","KFS","046-000-00","980015","","【寄付】ココグルメ_フィッシュ100g","","20261129","1","良品","4","0","指定した業態に優先して取り置く","通販","","","","冷凍","","","","","","","","","","","","","","","","20250724"
"20250918","8","千葉","9","KFS","046-000-00","980016","","【寄付】ココグルメ_ジビエ100g","","20261213","1","良品","1","0","指定した業態に優先して取り置く","通販","","","","冷凍","","","","","","","","","","","","","","","","20250724"
"20250918","8","千葉","9","KFS","046-000-00","980016","","【寄付】ココグルメ_ジビエ100g","","20261123","1","良品","3","0","指定した業態に優先して取り置く","通販","","","","冷凍","","","","","","","","","","","","","","","","20250724"
"20250918","8","千葉","9","KFS","047-000-00","980013","","【寄付】ココグルメ_チキン100g","","20261126","1","良品","4","0","指定した業態に優先して取り置く","通販","","","","冷凍","","","","","","","","","","","","","","","","20250724"
"20250918","8","千葉","9","KFS","047-000-00","980014","","【寄付】ココグルメ_ポーク100g","","20261111","1","良品","4","0","指定した業態に優先して取り置く","通販","","","","冷凍","","","","","","","","","","","","","","","20240130","20250724"
"20250918","8","千葉","9","KFS","047-000-00","980015","","【寄付】ココグルメ_フィッシュ100g","","20261129","1","良品","4","0","指定した業態に優先して取り置く","通販","","","","冷凍","","","","","","","","","","","","","","","","20250724"
"20250918","8","千葉","9","KFS","047-000-00","980016","","【寄付】ココグルメ_ジビエ100g","","20261213","1","良品","4","0","指定した業態に優先して取り置く","通販","","","","冷凍","","","","","","","","","","","","","","","","20250724"
"20250918","8","千葉","9","KFS","047-000-00","980037","","【寄付】ケア_早期腎臓サポート100g","","20261201","1","良品","12","0","指定した業態に優先して取り置く","通販","","","","冷凍","","","","","","","","","","","","","","","","20250421"
"20250918","8","千葉","9","KFS","048-000-00","980013","","【寄付】ココグルメ_チキン100g","","20261123","1","良品","4","0","指定した業態に優先して取り置く","通販","","","","冷凍","","","","","","","","","","","","","","","","20250724"
"20250918","8","千葉","9","KFS","048-000-00","980013","","【寄付】ココグルメ_チキン100g","","20261116","1","良品","4","0","指定した業態に優先して取り置く","通販","","","","冷凍","","","","","","","","","","","","","","","","20250724"
"20250918","8","千葉","9","KFS","048-000-00","980014","","【寄付】ココグルメ_ポーク100g","","20261109","1","良品","4","0","指定した業態に優先して取り置く","通販","","","","冷凍","","","","","","","","","","","","","","","20240130","20250724"
"20250918","8","千葉","9","KFS","048-000-00","980014","","【寄付】ココグルメ_ポーク100g","","20261020","1","良品","4","0","指定した業態に優先して取り置く","通販","","","","冷凍","","","","","","","","","","","","","","","20240130","20250724"
"20250918","8","千葉","9","KFS","048-000-00","980015","","【寄付】ココグルメ_フィッシュ100g","","20261124","1","良品","4","0","指定した業態に優先して取り置く","通販","","","","冷凍","","","","","","","","","","","","","","","","20250724"
"20250918","8","千葉","9","KFS","048-000-00","980015","","【寄付】ココグルメ_フィッシュ100g","","20261125","1","良品","4","0","指定した業態に優先して取り置く","通販","","","","冷凍","","","","","","","","","","","","","","","","20250724"
"20250918","8","千葉","9","KFS","048-000-00","980016","","【寄付】ココグルメ_ジビエ100g","","20261122","1","良品","4","0","指定した業態に優先して取り置く","通販","","","","冷凍","","","","","","","","","","","","","","","","20250724"
"20250918","8","千葉","9","KFS","048-000-00","980016","","【寄付】ココグルメ_ジビエ100g","","20261123","1","良品","4","0","指定した業態に優先して取り置く","通販","","","","冷凍","","","","","","","","","","","","","","","","20250724"
"20250918","8","千葉","9","KFS","048-000-00","980024","","【寄付】プチ_ジビエ120g","","20260527","1","良品","2","0","指定した業態に優先して取り置く","通販","","","","冷凍","","","","","","","","","","","","","","","","20250718"
"20250918","8","千葉","9","KFS","048-000-00","980025","","【寄付】プチ_チキン120g","","20260603","1","良品","2","0","指定した業態に優先して取り置く","通販","","","","冷凍","","","","","","","","","","","","","","","","20250718"
"20250918","8","千葉","9","KFS","048-000-00","980026","","【寄付】プチ_ポーク120g","","20260614","1","良品","2","0","指定した業態に優先して取り置く","通販","","","","冷凍","","","","","","","","","","","","","","","","20250718"
"20250918","8","千葉","9","KFS","049-000-00","980013","","【寄付】ココグルメ_チキン100g","","20261206","1","良品","3","0","指定した業態に優先して取り置く","通販","","","","冷凍","","","","","","","","","","","","","","","","20250724"
"20250918","8","千葉","9","KFS","049-000-00","980014","","【寄付】ココグルメ_ポーク100g","","20261117","1","良品","3","0","指定した業態に優先して取り置く","通販","","","","冷凍","","","","","","","","","","","","","","","20240130","20250724"
"20250918","8","千葉","9","KFS","049-000-00","980015","","【寄付】ココグルメ_フィッシュ100g","","20261130","1","良品","3","0","指定した業態に優先して取り置く","通販","","","","冷凍","","","","","","","","","","","","","","","","20250724"
"20250918","8","千葉","9","KFS","049-000-00","980016","","【寄付】ココグルメ_ジビエ100g","","20261213","1","良品","3","0","指定した業態に優先して取り置く","通販","","","","冷凍","","","","","","","","","","","","","","","","20250724"
"20250918","8","千葉","9","KFS","055-000-00","8701","","【寄付】とりささみNatural粒","","20260120","1","良品","1","0","指定した業態に優先して取り置く","通販","","","","冷凍","","","","","","","","","","","","","","","",""
"20250918","8","千葉","9","KFS","055-000-00","8702","","【寄付】まぐろ＆タラうまみUP粒","","20260111","1","良品","1","0","指定した業態に優先して取り置く","通販","","","","冷凍","","","","","","","","","","","","","","","","20250220"
"20250918","8","千葉","9","KFS","055-000-00","8703","","【寄付】まぐろ＆タラうまみUPペースト","","20260205","1","良品","1","0","指定した業態に優先して取り置く","通販","","","","冷凍","","","","","","","","","","","","","","","",""
"20250918","8","千葉","9","KFS","055-000-00","8704","","【寄付】かつお＆サーモンNatural粒","","20260304","1","良品","1","0","指定した業態に優先して取り置く","通販","","","","冷凍","","","","","","","","","","","","","","","",""
"20250918","8","千葉","9","KFS","055-000-00","8705","","【寄付】とりささみうまみUP","","20260214","1","良品","1","0","指定した業態に優先して取り置く","通販","","","","冷凍","","","","","","","","","","","","","","","",""
"20250918","8","千葉","9","KFS","055-000-00","8706","","【寄付】ささみ＆まぐろNatural粒","","20251106","1","良品","1","0","指定した業態に優先して取り置く","通販","","","","冷凍","","","","","","","","","","","","","","","","20250220"
"20250918","8","千葉","9","KFS","055-000-00","8707","","【寄付】ささみ＆まぐろうまみUP粒","","20260214","1","良品","1","0","指定した業態に優先して取り置く","通販","","","","冷凍","","","","","","","","","","","","","","","",""
"20250918","8","千葉","9","KFS","055-000-00","8708","","【寄付】まぐろ＆タラNatural粒","","20251112","1","良品","1","0","指定した業態に優先して取り置く","通販","","","","冷凍","","","","","","","","","","","","","","","",""
"20250918","8","千葉","9","KFS","055-000-00","8709","","【寄付】かつお＆サーモンうまみUP粒","","20260221","1","良品","1","0","指定した業態に優先して取り置く","通販","","","","冷凍","","","","","","","","","","","","","","","",""
"20250918","8","千葉","9","KFS","055-000-00","8710","","【寄付】かつお＆サーモンうまみUPペースト","","20260211","1","良品","1","0","指定した業態に優先して取り置く","通販","","","","冷凍","","","","","","","","","","","","","","","",""
"20250918","8","千葉","9","KFS","090-000-00","980015","","【寄付】ココグルメ_フィッシュ100g","","20260706","1","良品","2","0","指定した業態に優先して取り置く","通販","","","","冷凍","","","","","","","","","","","","","","","","20250724"
"20250918","8","千葉","9","KFS","091-000-00","980015","","【寄付】ココグルメ_フィッシュ100g","","20260706","1","良品","5","0","指定した業態に優先して取り置く","通販","","","","冷凍","","","","","","","","","","","","","","","","20250724"
"20250918","8","千葉","9","KFS","095-000-00","980015","","【寄付】ココグルメ_フィッシュ100g","","20260707","1","良品","5","0","指定した業態に優先して取り置く","通販","","","","冷凍","","","","","","","","","","","","","","","","20250724"
"20250918","8","千葉","9","KFS","096-000-00","980037","","【寄付】ケア_早期腎臓サポート100g","","20260706","1","良品","16","0","指定した業態に優先して取り置く","通販","","","","冷凍","","","","","","","","","","","","","","","","20250421"
"20250918","8","千葉","9","KFS","097-000-00","980015","","【寄付】ココグルメ_フィッシュ100g","","20260726","1","良品","4","0","指定した業態に優先して取り置く","通販","","","","冷凍","","","","","","","","","","","","","","","","20250724"
"20250918","8","千葉","9","KFS","098-000-00","980013","","【寄付】ココグルメ_チキン100g","","20260729","1","良品","22","0","指定した業態に優先して取り置く","通販","","","","冷凍","","","","","","","","","","","","","","","","20250724"
"20250918","8","千葉","9","KFS","099-000-00","980015","","【寄付】ココグルメ_フィッシュ100g","","20260726","1","良品","4","0","指定した業態に優先して取り置く","通販","","","","冷凍","","","","","","","","","","","","","","","","20250724"
"20250918","8","千葉","9","KFS","100-000-00","980015","","【寄付】ココグルメ_フィッシュ100g","","20260730","1","良品","4","0","指定した業態に優先して取り置く","通販","","","","冷凍","","","","","","","","","","","","","","","","20250724"
"20250918","8","千葉","13","CCS","001-000-00","100031","4582515551100","ケア_早期腎臓サポート100g","202612C2H7_IKD","20261227","1","良品","2132","0","指定した業態に優先して取り置く","通販","","","","冷凍","","","","","","4582515551100","","","","","","","","","20250820","20250917"
"20250918","8","千葉","13","CCS","002-000-00","100032","4582515551117","ケア_消化器サポート100g","202612D3A0_IKD","20261230","1","良品","1972","0","指定した業態に優先して取り置く","通販","","","","冷凍","","","","","","4582515551117","","","","","","","","","20250822","20250917"
"20250918","8","千葉","13","CCS","003-000-00","100033","4582515551124","ケア_スキンケア100g","202611A0F5_IKD","20261105","1","良品","2809","0","指定した業態に優先して取り置く","通販","","","","冷凍","","","","","","4582515551124","","","","","","","","","20250620","20250917"
"20250918","8","千葉","16","COS","001-000-00","100066","","レトルト_チキン150g","202611B1A0_TSF","20261110","1","良品","1953","0","指定した業態に取り置く","通販","","","","レトルト","","","","","","","","","","","","","","","20241224","20250910"
"20250918","8","千葉","1","PC","001-000-00","100013","4582515550530","プチ_フィッシュ120g","202608A0D3_SIL","20260803","1","良品","1790","0","出庫禁止","通販","","","","冷凍","","","","","","4582515550530","","","","","","","","","20250912","20250917"
"20250918","8","千葉","1","PC","002-000-00","100024","4582515550585","プチ_ジビエ120g","202607C2K9_SIL","20260729","1","良品","1429","0","出庫禁止","通販","","","","冷凍","","","","","","4582515550585","","","","","","","","","20250904","20250917"
"20250918","8","千葉","1","PC","003-000-00","100034","4582515550257","プチ_チキン120g","202608A0F5_SIL","20260805","1","良品","1967","0","出庫禁止","通販","","","","冷凍","","","","","","4582515550257","","","","","","","","","20250912","20250917"
"20250918","8","千葉","1","PC","003-000-00","100034","4582515550257","プチ_チキン120g","202607C2A0_SIL","20260720","1","良品","1778","0","出庫禁止","通販","","","","冷凍","","","","","","4582515550257","","","","","","","","","20250912","20250917"
"20250918","8","千葉","1","PC","003-000-00","100034","4582515550257","プチ_チキン120g","202608A0J8_SIL","20260808","1","良品","1960","0","出庫禁止","通販","","","","冷凍","","","","","","4582515550257","","","","","","","","","20250912","20250917"
"20250918","8","千葉","1","PC","004-000-00","100035","4582515550264","プチ_ポーク120g","202607A0H7_SIL","20260707","1","良品","350","0","出庫禁止","通販","","","","冷凍","","","","","","4582515550264","","","","","","","","","20250812","20250917"
"20250918","8","千葉","3","CC","001-000-00","100022","","ココグルメ_フィッシュ100g","202701B1A0_SIL","20270110","1","良品","4629","0","出庫禁止","通販","","","","冷凍","","","","","","4582515550615","","","","","","","","","20250912","20250917"
"20250918","8","千葉","3","CC","001-000-00","100022","","ココグルメ_フィッシュ100g","202701C2J8_SIL","20270128","1","良品","15170","0","出庫禁止","通販","","","","冷凍","","","","","","4582515550615","","","","","","","","","20250912","20250917"
"20250918","8","千葉","3","CC","001-000-00","100022","","ココグルメ_フィッシュ100g","202702A0C2_SIL","20270202","1","良品","15169","0","出庫禁止","通販","","","","冷凍","","","","","","4582515550615","","","","","","","","","20250912","20250917"
"20250918","8","千葉","3","CC","002-000-00","100023","","ココグルメ_ジビエ100g","202701C2B1_SIL","20270121","1","良品","12853","0","出庫禁止","通販","","","","冷凍","","","","","","4582515550622","","","","","","","","","20250904","20250917"
"20250918","8","千葉","3","CC","002-000-00","100023","","ココグルメ_ジビエ100g","202701C2A0_SIL","20270120","1","良品","12725","0","出庫禁止","通販","","","","冷凍","","","","","","4582515550622","","","","","","","","","20250904","20250917"
"20250918","8","千葉","3","CC","002-000-00","100023","","ココグルメ_ジビエ100g","202701B1J8_SIL","20270118","1","良品","12828","0","出庫禁止","通販","","","","冷凍","","","","","","4582515550622","","","","","","","","","20250904","20250917"
"20250918","8","千葉","3","CC","002-000-00","100023","","ココグルメ_ジビエ100g","202701B1K9_SIL","20270119","1","良品","12752","0","出庫禁止","通販","","","","冷凍","","","","","","4582515550622","","","","","","","","","20250904","20250917"
"20250918","8","千葉","3","CC","002-000-00","100023","","ココグルメ_ジビエ100g","202701B1D3_SIL","20270113","1","良品","3691","0","出庫禁止","通販","","","","冷凍","","","","","","4582515550622","","","","","","","","","20250904","20250917"
"20250918","8","千葉","3","CC","003-000-00","100020","","ココグルメ_チキン100g","202702A0E4_TSF","20270204","1","良品","17186","0","出庫禁止","通販","","","","冷凍","","","","","","4582515550592","","","","","","","","","20250916","20250917"
"20250918","8","千葉","3","CC","003-000-00","100020","","ココグルメ_チキン100g","202701C2G6_TSF","20270126","1","良品","15370","0","出庫禁止","通販","","","","冷凍","","","","","","4582515550592","","","","","","","","","20250916","20250917"
"20250918","8","千葉","3","CC","003-000-00","100020","","ココグルメ_チキン100g","202702A0D3_TSF","20270203","1","良品","21390","0","出庫禁止","通販","","","","冷凍","","","","","","4582515550592","","","","","","","","","20250916","20250917"
"20250918","8","千葉","3","CC","003-000-00","100020","","ココグルメ_チキン100g","202701B1K9_TSF","20270119","1","良品","24400","0","出庫禁止","通販","","","","冷凍","","","","","","4582515550592","","","","","","","","","20250916","20250917"
"20250918","8","千葉","3","CC","003-000-00","100020","","ココグルメ_チキン100g","202701B1J8_TSF","20270118","1","良品","19500","0","出庫禁止","通販","","","","冷凍","","","","","","4582515550592","","","","","","","","","20250916","20250917"
"20250918","8","千葉","3","CC","003-000-00","100020","","ココグルメ_チキン100g","202701C2F5_TSF","20270125","1","良品","15044","0","出庫禁止","通販","","","","冷凍","","","","","","4582515550592","","","","","","","","","20250916","20250917"
"20250918","8","千葉","3","CC","004-000-00","100021","","ココグルメ_ポーク100g","202701C2A0_IKD","20270120","1","良品","6200","0","出庫禁止","通販","","","","冷凍","","","","","","4582515550608","","","","","","","","","20250905","20250917"
"20250918","8","千葉","3","CC","004-000-00","100021","","ココグルメ_ポーク100g","202701B1D3_IKD","20270113","1","良品","6200","0","出庫禁止","通販","","","","冷凍","","","","","","4582515550608","","","","","","","","","20250905","20250917"
"20250918","8","千葉","3","CC","004-000-00","100021","","ココグルメ_ポーク100g","202612C2K9_SIL","20261229","1","良品","4328","0","出庫禁止","通販","","","","冷凍","","","","","","4582515550608","","","","","","","","","20250905","20250917"
"20250918","8","千葉","3","CC","004-000-00","100021","","ココグルメ_ポーク100g","202701B1H7_IKD","20270117","1","良品","6200","0","出庫禁止","通販","","","","冷凍","","","","","","4582515550608","","","","","","","","","20250905","20250917"
"20250918","8","千葉","3","CC","004-000-00","100021","","ココグルメ_ポーク100g","202701A0E4_SIL","20270104","1","良品","13291","0","出庫禁止","通販","","","","冷凍","","","","","","4582515550608","","","","","","","","","20250905","20250917"
"20250918","8","千葉","3","CC","004-000-00","100021","","ココグルメ_ポーク100g","202612D3A0_SIL","20261230","1","良品","13539","0","出庫禁止","通販","","","","冷凍","","","","","","4582515550608","","","","","","","","","20250905","20250917"
"20250918","8","千葉","3","CC","004-000-00","100021","","ココグルメ_ポーク100g","202701B1K9_IKD","20270119","1","良品","6200","0","出庫禁止","通販","","","","冷凍","","","","","","4582515550608","","","","","","","","","20250905","20250917"
"20250918","8","千葉","12","CCC","002-000-00","100032","4582515551117","ケア_消化器サポート100g","202612D3A0_IKD","20261230","1","良品","3600","0","出庫禁止","通販","","","","冷凍","","","","","","4582515551117","","","","","","","","","20250822","20250917"
"20250918","8","千葉","901","ZZZ","ZZZ-ZZZ-ZZ","100102","","ココグルメ_チキン＆さわら100g","202608C2K9_SIL","20260829","1","良品","100","0","指定した業態に優先して取り置く","卸","","","","冷凍","","","","","","","","","","","","","","","20250411","20250913"
"20250918","8","千葉","901","ZZZ","ZZZ-ZZZ-ZZ","100125","4582515551742","ココグルメ_ビーフ＆スイートポテト_100g","202701C2E4_SIL","20270124","1","良品","4478","0","指定した業態に優先して取り置く","卸","","","","冷凍","","","","","","","","","","","","","","","20250912",""
"20250918","8","千葉","901","ZZZ","ZZZ-ZZZ-ZZ","100125","4582515551742","ココグルメ_ビーフ＆スイートポテト_100g","202701C2F5_SIL","20270125","1","良品","10031","0","指定した業態に優先して取り置く","卸","","","","冷凍","","","","","","","","","","","","","","","20250912",""
"20250918","8","千葉","901","ZZZ","ZZZ-ZZZ-ZZ","790001","","オリジナルフードクリップ（常温）","***","29991231","1","良品","400","0","指定した業態に優先して取り置く","卸","","","","","","","","","","","","","","","","","","","",""
"20250918","8","千葉","901","ZZZ","ZZZ-ZZZ-ZZ","790002","","オリジナルフードクリップ（冷凍）","***","29991231","1","良品","999130","0","指定した業態に優先して取り置く","卸","","","","冷凍","","","","","","","","","","","","","","","20240731","20240914"
"20250918","8","千葉","901","ZZZ","ZZZ-ZZZ-ZZ","90001","","返送用着払い伝票(冷凍)","","","1","良品","1989898","0","指定した業態に優先して取り置く","卸","","","","冷凍","","","","","","","","","","","","","","","20241202","20250904"
"20250918","8","千葉","901","ZZZ","ZZZ-ZZZ-ZZ","90002","","返送用着払い伝票(常温)","","","1","良品","999999","0","指定した業態に優先して取り置く","卸","","","","レトルト","","","","","","","","","","","","","","","20241202",""
"20250918","8","千葉","901","ZZZ","ZZZ-ZZZ-ZZ","A006","","ミャオ広告 お試し(冷凍)","","","1","良品","989617","0","指定した業態に優先して取り置く","卸","","","","広告","","広告種別","","","","","","","","","","","","","20240509","20250913"
"20250918","8","千葉","901","ZZZ","ZZZ-ZZZ-ZZ","A007","","ミャオ広告 定期(冷凍)","","","1","良品","988066","0","指定した業態に優先して取り置く","卸","","","","広告","","広告種別","","","","","","","","","","","","","20240509","20250917"
"20250918","8","千葉","901","ZZZ","ZZZ-ZZZ-ZZ","A011","","ココ広告 お試し","","","1","良品","923799","0","指定した業態に優先して取り置く","卸","","","","広告","","広告種別","","","","","","","","","","","","","20231124","20250917"
"20250918","8","千葉","901","ZZZ","ZZZ-ZZZ-ZZ","A012","","ココ広告 定期","","","1","良品","621752","0","指定した業態に優先して取り置く","卸","","","","広告","","広告種別","","","","","","","","","","","","","20231124","20250917"
"20250918","8","千葉","901","ZZZ","ZZZ-ZZZ-ZZ","A013","","ココ広告 プチ定期","","","1","良品","999326","0","指定した業態に優先して取り置く","卸","","","","広告","","広告種別","","","","","","","","","","","","","20231124","20231214"
"20250918","8","千葉","901","ZZZ","ZZZ-ZZZ-ZZ","A014","","ココ広告 レトルトお試し","","","1","良品","999999","0","指定した業態に優先して取り置く","卸","","","","広告","","広告種別","","","","","","","","","","","","","20231124",""
"20250918","8","千葉","901","ZZZ","ZZZ-ZZZ-ZZ","A015","","ココ広告 レトルト定期","","","1","良品","999999","0","指定した業態に優先して取り置く","卸","","","","広告","","広告種別","","","","","","","","","","","","","20231124",""
"20250918","8","千葉","901","ZZZ","ZZZ-ZZZ-ZZ","A016","","ココ広告 プチ定期","","","1","良品","960901","0","指定した業態に優先して取り置く","卸","","","","広告","","広告種別","","","","","","","","","","","","","20231124","20250917"
"20250918","8","千葉","901","ZZZ","ZZZ-ZZZ-ZZ","A017","","ココ広告 モール用お試し","","","1","良品","997577","0","指定した業態に優先して取り置く","卸","","","","広告","","広告種別","","","","","","","","","","","","","20231129","20241216"
"20250918","8","千葉","901","ZZZ","ZZZ-ZZZ-ZZ","A018","","ココ マルヒ 在庫一掃セール","","","1","良品","989763","0","指定した業態に優先して取り置く","卸","","","","広告","","広告種別","","","","","","","","","","","","","20240216","20240605"
"20250918","8","千葉","901","ZZZ","ZZZ-ZZZ-ZZ","A024","","ミャオ広告・ピュア お試し(冷凍)","","","1","良品","989337","0","指定した業態に優先して取り置く","卸","","","","広告","","広告種別","","","","","","","","","","","","","20240418","20250911"
"20250918","8","千葉","901","ZZZ","ZZZ-ZZZ-ZZ","A025","","ミャオ広告・ピュア 定期(冷凍)","","","1","良品","989556","0","指定した業態に優先して取り置く","卸","","","","広告","","広告種別","","","","","","","","","","","","","20240418","20250913"
"20250918","8","千葉","901","ZZZ","ZZZ-ZZZ-ZZ","A028","","ケア定期(腎臓ケア)","","","1","良品","983814","0","指定した業態に優先して取り置く","卸","","","","広告","","広告種別","","","","","","","","","","","","","20240611","20250917"
"20250918","8","千葉","901","ZZZ","ZZZ-ZZZ-ZZ","A029","","ケア定期(消化器ケア)","","","1","良品","986856","0","指定した業態に優先して取り置く","卸","","","","広告","","広告種別","","","","","","","","","","","","","20240611","20250917"
"20250918","8","千葉","901","ZZZ","ZZZ-ZZZ-ZZ","A030","","ケア定期(スキンケア)","","","1","良品","989041","0","指定した業態に優先して取り置く","卸","","","","広告","","広告種別","","","","","","","","","","","","","20240611","20250917"
"20250918","8","千葉","901","ZZZ","ZZZ-ZZZ-ZZ","A031","","ケアお試し(腎臓ケア)","","","1","良品","985400","0","指定した業態に優先して取り置く","卸","","","","広告","","広告種別","","","","","","","","","","","","","20240611","20250917"
"20250918","8","千葉","901","ZZZ","ZZZ-ZZZ-ZZ","A032","","ケアお試し(消化器ケア)","","","1","良品","988307","0","指定した業態に優先して取り置く","卸","","","","広告","","広告種別","","","","","","","","","","","","","20240611","20250917"
"20250918","8","千葉","901","ZZZ","ZZZ-ZZZ-ZZ","A033","","ケアお試し(スキンケア)","","","1","良品","989351","0","指定した業態に優先して取り置く","卸","","","","広告","","広告種別","","","","","","","","","","","","","20240611","20250917"
"20250918","8","千葉","901","ZZZ","ZZZ-ZZZ-ZZ","A034","","楽天1,000円OFFクーポン(冷凍)","","","1","良品","998083","0","指定した業態に優先して取り置く","卸","","","","広告","","広告種別","","","","","","","","","","","","","20241213","20250917"
"20250918","8","千葉","901","ZZZ","ZZZ-ZZZ-ZZ","A035","","楽天1,000円OFFクーポン(常温)","","","1","良品","9999999","0","指定した業態に優先して取り置く","卸","","","","広告","","広告種別","","","","","","","","","","","","","20250217",""
"20250918","8","千葉","901","ZZZ","ZZZ-ZZZ-ZZ","A036","","ミャオレトルト メニュー表","","","1","良品","9999999","0","指定した業態に優先して取り置く","卸","","","","広告","","広告種別","","","","","","","","","","","","","20250217",""
"20250918","8","千葉","901","ZZZ","ZZZ-ZZZ-ZZ","A037","","【モール】ココグルメ・スペシャルBOX","","","1","良品","998996","0","指定した業態に優先して取り置く","卸","","","","広告","","広告種別","","","","","","","","","","","","","20241213","20241221"
"20250918","8","千葉","901","ZZZ","ZZZ-ZZZ-ZZ","A038","","ココグルメスペシャルホリデーセット2024","","","1","良品","999956","0","指定した業態に優先して取り置く","卸","","","","広告","","広告種別","","","","","","","","","","","","","20241203","20241212"
"20250918","8","千葉","901","ZZZ","ZZZ-ZZZ-ZZ","A039","","にゃっち共通","","","1","良品","9999999","0","指定した業態に優先して取り置く","卸","","","","広告","","広告種別","","","","","","","","","","","","","20250217",""
"20250918","8","千葉","901","ZZZ","ZZZ-ZZZ-ZZ","A040","","【モール】ココグルメ","","","1","良品","993796","0","指定した業態に優先して取り置く","卸","","","","広告","","広告種別","","","","","","","","","","","","","20241213","20250917"
"20250918","8","千葉","901","ZZZ","ZZZ-ZZZ-ZZ","A041","","【モール】腎臓ケア","","","1","良品","998385","0","指定した業態に優先して取り置く","卸","","","","広告","","広告種別","","","","","","","","","","","","","20241212","20250917"
"20250918","8","千葉","901","ZZZ","ZZZ-ZZZ-ZZ","A042","","【モール】消化器ケア","","","1","良品","998660","0","指定した業態に優先して取り置く","卸","","","","広告","","広告種別","","","","","","","","","","","","","20241212","20250917"
"20250918","8","千葉","901","ZZZ","ZZZ-ZZZ-ZZ","A043","","【モール】スキンケア","","","1","良品","998960","0","指定した業態に優先して取り置く","卸","","","","広告","","広告種別","","","","","","","","","","","","","20241212","20250913"
"20250918","8","千葉","901","ZZZ","ZZZ-ZZZ-ZZ","A044","","香港ココグルメ　レトルト（＆YAICHIレトルト）","","","1","良品","9999999","0","指定した業態に優先して取り置く","卸","","","","広告","","広告種別","","","","","","","","","","","","","20250217",""
"20250918","8","千葉","901","ZZZ","ZZZ-ZZZ-ZZ","A045","","コストコ用","","","1","良品","999999","0","指定した業態に優先して取り置く","卸","","","","広告","","広告種別","","","","","","","","","","","","","20250124",""
"20250918","8","千葉","901","ZZZ","ZZZ-ZZZ-ZZ","A047","","年齢別オンボーディング冊子(パピー)冷凍","","","1","良品","9999809","0","指定した業態に優先して取り置く","卸","","","","広告","","広告種別","","","","","","","","","","","","","20250217","20250430"
"20250918","8","千葉","901","ZZZ","ZZZ-ZZZ-ZZ","A048","","年齢別オンボーディング冊子(成犬)冷凍","","","1","良品","9999466","0","指定した業態に優先して取り置く","卸","","","","広告","","広告種別","","","","","","","","","","","","","20250217","20250430"
"20250918","8","千葉","901","ZZZ","ZZZ-ZZZ-ZZ","A049","","年齢別オンボーディング冊子(シニア)冷凍","","","1","良品","9999234","0","指定した業態に優先して取り置く","卸","","","","広告","","広告種別","","","","","","","","","","","","","20250217","20250430"
"20250918","8","千葉","901","ZZZ","ZZZ-ZZZ-ZZ","A053","","【モール】プチ","","","1","良品","998644","0","指定した業態に優先して取り置く","卸","","","","広告","","広告種別","","","","","","","","","","","","","20250326","20250917"
"20250918","8","千葉","901","ZZZ","ZZZ-ZZZ-ZZ","A054","","チキン＆さわら(単品16袋・4袋)","","","1","良品","999846","0","指定した業態に優先して取り置く","卸","","","","広告","","広告種別","","","","","","","","","","","","","20250417","20250913"
"20250918","8","千葉","901","ZZZ","ZZZ-ZZZ-ZZ","A055","","チキン＆さわら(定期＋2袋)","","","1","良品","998215","0","指定した業態に優先して取り置く","卸","","","","広告","","広告種別","","","","","","","","","","","","","20250417","20250816"
"20250918","8","千葉","901","ZZZ","ZZZ-ZZZ-ZZ","A056","","年齢別オンボーディング:全年代共通","","","1","良品","999133","0","指定した業態に優先して取り置く","卸","","","","広告","","広告種別","","","","","","","","","","","","","20250417","20250624"
"20250918","8","千葉","901","ZZZ","ZZZ-ZZZ-ZZ","A057","","納豆FD","","","1","良品","999999","0","指定した業態に優先して取り置く","卸","","","","広告","","広告種別","","","","","","","","","","","","","20250417",""
"20250918","8","千葉","901","ZZZ","ZZZ-ZZZ-ZZ","A069","","ビーフ＆スイートポテト(単品16袋・4袋)","","","1","良品","9999997","0","指定した業態に優先して取り置く","卸","","","","広告","","広告種別","","","","","","","","","","","","","20250917",""
"20250918","8","千葉","901","ZZZ","ZZZ-ZZZ-ZZ","A070","","ビーフ＆スイートポテト(定期＋2袋)","","","1","良品","9999998","0","指定した業態に優先して取り置く","卸","","","","広告","","広告種別","","","","","","","","","","","","","20250917",""
"20250918","8","千葉","901","ZZZ","ZZZ-ZZZ-ZZ","A101","","ココ広告 101","","","1","良品","999769","0","指定した業態に優先して取り置く","卸","","","","広告","","広告種別","","","","","","","","","","","","","20231124","20240509"
"20250918","8","千葉","901","ZZZ","ZZZ-ZZZ-ZZ","A102","","ココ広告 102","","","1","良品","999528","0","指定した業態に優先して取り置く","卸","","","","広告","","広告種別","","","","","","","","","","","","","20231124","20240509"
"20250918","8","千葉","901","ZZZ","ZZZ-ZZZ-ZZ","A201","","ギフトカード ありがとう(冷凍)","","","1","良品","999997","0","指定した業態に優先して取り置く","卸","","","","広告","","","","","","","","","","","","","","","20240122","20240208"
"20250918","8","千葉","901","ZZZ","ZZZ-ZZZ-ZZ","A202","","ギフトカード 誕生日(冷凍)","","","1","良品","999999","0","指定した業態に優先して取り置く","卸","","","","広告","","","","","","","","","","","","","","","20240122",""
"20250918","8","千葉","901","ZZZ","ZZZ-ZZZ-ZZ","A203","","ギフトカード バレンタイン(冷凍)","","","1","良品","999997","0","指定した業態に優先して取り置く","卸","","","","広告","","","","","","","","","","","","","","","20240122","20240208"
"20250918","8","千葉","901","ZZZ","ZZZ-ZZZ-ZZ","A204","","ギフトカード ありがとう(常温)","","","1","良品","999999","0","指定した業態に優先して取り置く","卸","","","","広告","","","","","","","","","","","","","","","20240122",""
"20250918","8","千葉","901","ZZZ","ZZZ-ZZZ-ZZ","A205","","ギフトカード 誕生日(常温)","","","1","良品","999999","0","指定した業態に優先して取り置く","卸","","","","広告","","","","","","","","","","","","","","","20240122",""
"20250918","8","千葉","901","ZZZ","ZZZ-ZZZ-ZZ","A206","","ギフトカード バレンタイン(常温)","","","1","良品","999999","0","指定した業態に優先して取り置く","卸","","","","広告","","","","","","","","","","","","","","","20240122",""
"20250918","8","千葉","901","ZZZ","ZZZ-ZZZ-ZZ","A301","","バレンタイン2024・保冷バッグ(冷凍)","","","1","良品","999997","0","指定した業態に優先して取り置く","卸","","","","広告","","","","","","","","","","","","","","","20240125","20240208"
"20250918","8","千葉","901","ZZZ","ZZZ-ZZZ-ZZ","A302","","バレンタイン2024・保冷バッグ(常温)","","","1","良品","999999","0","指定した業態に優先して取り置く","卸","","","","広告","","","","","","","","","","","","","","","20240125",""
"20250918","8","千葉","901","ZZZ","ZZZ-ZZZ-ZZ","A901","","謝罪文・2024年5月(冷凍)","","","1","良品","974840","0","指定した業態に優先して取り置く","卸","","","","広告","","","","","","","","","","","","","","","20240612","20240830"
"20250918","8","千葉","901","ZZZ","ZZZ-ZZZ-ZZ","A902","","謝罪文・2024年5月(常温)","","","1","良品","990000","0","指定した業態に優先して取り置く","卸","","","","広告","","","","","","","","","","","","","","","20240612",""
"20250918","8","千葉","901","ZZZ","ZZZ-ZZZ-ZZ","A904","","誕生日カード(冷凍)","","","1","良品","997358","0","指定した業態に優先して取り置く","卸","","","","広告","","","","","","","","","","","","","","","20240927","20250131"
"20250918","8","千葉","901","ZZZ","ZZZ-ZZZ-ZZ","A905","","誕生日カード(常温)","","","1","良品","999000","0","指定した業態に優先して取り置く","卸","","","","広告","","","","","","","","","","","","","","","20240927",""
"20250918","8","千葉","901","ZZZ","ZZZ-ZZZ-ZZ","A906","","F1-3引き上げチラシ(冷凍)","","","1","良品","998494","0","指定した業態に優先して取り置く","卸","","","","広告","","","","","","","","","","","","","","","20241017","20241214"
"20250918","8","千葉","901","ZZZ","ZZZ-ZZZ-ZZ","A907","","F1-3引き上げチラシ(常温)","","","1","良品","999999","0","指定した業態に優先して取り置く","卸","","","","広告","","","","","","","","","","","","","","","20241017",""
"20250918","8","千葉","901","ZZZ","ZZZ-ZZZ-ZZ","B001","","ココお試し箱","","","1","良品","910646","0","指定した業態に優先して取り置く","卸","","","","箱","","箱種別","","","","","","","","","","","","","20231124","20250917"
"20250918","8","千葉","901","ZZZ","ZZZ-ZZZ-ZZ","B002","","ココ定期箱","","","1","良品","604423","0","指定した業態に優先して取り置く","卸","","","","箱","","箱種別","","","","","","","","","","","","","20231124","20250917"
"20250918","8","千葉","901","ZZZ","ZZZ-ZZZ-ZZ","B003","","ココプチ箱","","","1","良品","963643","0","指定した業態に優先して取り置く","卸","","","","箱","","箱種別","","","","","","","","","","","","","20231124","20250722"
"20250918","8","千葉","901","ZZZ","ZZZ-ZZZ-ZZ","B004","","ミャオ定期箱(冷凍)","","","1","良品","995874","0","指定した業態に優先して取り置く","卸","","","","箱","","箱種別","","","","","","","","","","","","","20231124","20250917"
"20250918","8","千葉","901","ZZZ","ZZZ-ZZZ-ZZ","B005","","ネコポス(大)(お試し50g 4袋/100g 4袋)","","","1","良品","999999","0","指定した業態に優先して取り置く","卸","","","","箱","","箱種別","","","","","","","","","","","","","20231124",""
"20250918","8","千葉","901","ZZZ","ZZZ-ZZZ-ZZ","B006","","ネコポス(大)(定期50g 12袋/100g 8袋)","","","1","良品","999999","0","指定した業態に優先して取り置く","卸","","","","箱","","箱種別","","","","","","","","","","","","","20231124",""
"20250918","8","千葉","901","ZZZ","ZZZ-ZZZ-ZZ","B007","","ギフトボックス(本体・冷凍)","","","1","良品","999995","0","指定した業態に優先して取り置く","卸","","","","箱","","箱種別","","","","","","","","","","","","","20240122","20240208"
"20250918","8","千葉","901","ZZZ","ZZZ-ZZZ-ZZ","B008","","ギフトボックス(外装・冷凍)","","","1","良品","999997","0","指定した業態に優先して取り置く","卸","","","","箱","","箱種別","","","","","","","","","","","","","20240122","20240208"
"20250918","8","千葉","901","ZZZ","ZZZ-ZZZ-ZZ","B009","","ギフトボックス(本体・常温)","","","1","良品","999999","0","指定した業態に優先して取り置く","卸","","","","箱","","箱種別","","","","","","","","","","","","","20240122",""
"20250918","8","千葉","901","ZZZ","ZZZ-ZZZ-ZZ","B010","","ギフトボックス(外装・常温)","","","1","良品","999999","0","指定した業態に優先して取り置く","卸","","","","箱","","箱種別","","","","","","","","","","","","","20240122",""
"20250918","8","千葉","901","ZZZ","ZZZ-ZZZ-ZZ","B011","","ココお試し箱(常温)","","","1","良品","200","0","指定した業態に優先して取り置く","卸","","","","箱","","箱種別","","","","","","","","","","","","","",""
"20250918","8","千葉","901","ZZZ","ZZZ-ZZZ-ZZ","B013","","ミャオ定期箱(常温)","","","1","良品","9999199","0","指定した業態に優先して取り置く","卸","","","","箱","","箱種別","","","","","","","","","","","","","20250217",""
"20250918","8","千葉","901","ZZZ","ZZZ-ZZZ-ZZ","B014","","ネコポス(大)レトルトお試し","","","1","良品","999999","0","指定した業態に優先して取り置く","卸","","","","箱","","箱種別","","","","","","","","","","","","","",""
"20250918","8","千葉","901","ZZZ","ZZZ-ZZZ-ZZ","B015","","ネコポス箱(小)(レトルト50g100g1-2袋)","","","1","良品","9999999","0","指定した業態に優先して取り置く","卸","","","","箱","","箱種別","","","","","","","","","","","","","20250217",""
"20250918","8","千葉","901","ZZZ","ZZZ-ZZZ-ZZ","B016","","大入箱(冷凍)","","","1","良品","999995","0","指定した業態に優先して取り置く","卸","","","","箱","","箱種別","","","","","","","","","","","","","20241202","20241221"
"20250918","8","千葉","901","ZZZ","ZZZ-ZZZ-ZZ","B017","","大入箱(常温)","","","1","良品","999999","0","指定した業態に優先して取り置く","卸","","","","箱","","箱種別","","","","","","","","","","","","","20241202",""
"20250918","8","千葉","901","ZZZ","ZZZ-ZZZ-ZZ","B018","","コストコ箱","","","1","良品","9999999","0","指定した業態に優先して取り置く","卸","","","","箱","","箱種別","","","","","","","","","","","","","20250217",""